0,100,1.75,1.57079637050629,1.02050529485198e-15,16.6666660308838,2.15,2.13,4.28,1.82
0.01,100.099998474121,1.75,1.57079637050629,0,16.6666660308838,2.15,2.13,4.28,1.82
0.02,100.266670227051,1.75,1.57079637050629,0,16.6666660308838,2.15,2.13,4.28,1.82
0.03,100.433334350586,1.75,1.57079637050629,0,16.6666660308838,2.15,2.13,4.28,1.82
0.04,100.599998474121,1.75,1.57079637050629,0,16.6666660308838,2.15,2.13,4.28,1.82
0.05,100.766670227051,1.75,1.57079637050629,0,16.6666660308838,2.15,2.13,4.28,1.82
0.06,100.933334350586,1.75,1.57079637050629,0,16.6666660308838,2.15,2.13,4.28,1.82
0.07,101.099998474121,1.75,1.57079637050629,0,16.6666660308838,2.15,2.13,4.28,1.82
0.08,101.266670227051,1.75,1.57079637050629,0,16.6666660308838,2.15,2.13,4.28,1.82
0.09,101.433334350586,1.75,1.57079637050629,0,16.6666660308838,2.15,2.13,4.28,1.82
0.1,101.599998474121,1.75,1.57079637050629,0,16.6666660308838,2.15,2.13,4.28,1.82
0.11,101.766670227051,1.75,1.57079637050629,0,16.6666660308838,2.15,2.13,4.28,1.82
0.12,101.933334350586,1.75,1.57079637050629,0,16.6666660308838,2.15,2.13,4.28,1.82
0.13,102.099998474121,1.75,1.57079637050629,0,16.6666660308838,2.15,2.13,4.28,1.82
0.14,102.266670227051,1.75,1.57079637050629,0,16.6666660308838,2.15,2.13,4.28,1.82
0.15,102.433334350586,1.75,1.57079637050629,0,16.6666660308838,2.15,2.13,4.28,1.82
0.16,102.599998474121,1.75,1.57079637050629,0,16.6666660308838,2.15,2.13,4.28,1.82
0.17,102.766670227051,1.75,1.57079637050629,0,16.6666660308838,2.15,2.13,4.28,1.82
0.18,102.933334350586,1.75,1.57079637050629,0,16.6666660308838,2.15,2.13,4.28,1.82
0.19,103.099998474121,1.75,1.57079637050629,0,16.6666660308838,2.15,2.13,4.28,1.82
0.2,103.266670227051,1.75,1.57079637050629,0,16.6666660308838,2.15,2.13,4.28,1.82
0.21,103.433334350586,1.75,1.57079637050629,0,16.6666660308838,2.15,2.13,4.28,1.82
0.22,103.599998474121,1.75,1.57079637050629,0,16.6666660308838,2.15,2.13,4.28,1.82
0.23,103.766670227051,1.75,1.57079637050629,0,16.6666660308838,2.15,2.13,4.28,1.82
0.24,103.933334350586,1.75,1.57079637050629,0,16.6666660308838,2.15,2.13,4.28,1.82
0.25,104.099998474121,1.75,1.57079637050629,0,16.6666660308838,2.15,2.13,4.28,1.82
0.26,104.266670227051,1.75,1.57079637050629,0,16.6666660308838,2.15,2.13,4.28,1.82
0.27,104.433334350586,1.75,1.57079637050629,0,16.6666660308838,2.15,2.13,4.28,1.82
0.28,104.599998474121,1.75,1.57079637050629,0,16.6666660308838,2.15,2.13,4.28,1.82
0.29,104.766670227051,1.75,1.57079637050629,0,16.6666660308838,2.15,2.13,4.28,1.82
0.3,104.933334350586,1.75,1.57079637050629,0,16.6666660308838,2.15,2.13,4.28,1.82
0.31,105.099998474121,1.75,1.57079637050629,0,16.6666660308838,2.15,2.13,4.28,1.82
0.32,105.266670227051,1.75,1.57079637050629,0,16.6666660308838,2.15,2.13,4.28,1.82
0.33,105.433334350586,1.75,1.57079637050629,0,16.6666660308838,2.15,2.13,4.28,1.82
0.34,105.599998474121,1.75,1.57079637050629,0,16.6666660308838,2.15,2.13,4.28,1.82
0.35,105.766670227051,1.75,1.57079637050629,0,16.6666660308838,2.15,2.13,4.28,1.82
0.36,105.933334350586,1.75,1.57079637050629,0,16.6666660308838,2.15,2.13,4.28,1.82
0.37,106.099998474121,1.75,1.57079637050629,0,16.6666660308838,2.15,2.13,4.28,1.82
0.38,106.266670227051,1.75,1.57079637050629,0,16.6666660308838,2.15,2.13,4.28,1.82
0.39,106.433334350586,1.75,1.57079637050629,0,16.6666660308838,2.15,2.13,4.28,1.82
0.4,106.599998474121,1.75,1.57079637050629,0,16.6666660308838,2.15,2.13,4.28,1.82
0.41,106.766670227051,1.75,1.57079637050629,0,16.6666660308838,2.15,2.13,4.28,1.82
0.42,106.933334350586,1.75,1.57079637050629,0,16.6666660308838,2.15,2.13,4.28,1.82
0.43,107.099998474121,1.75,1.57079637050629,-8.88178419700125e-14,16.6666660308838,2.15,2.13,4.28,1.82
0.44,107.266670227051,1.75,1.57079637050629,0,16.6666660308838,2.15,2.13,4.28,1.82
0.45,107.433334350586,1.75,1.57079637050629,0,16.6666660308838,2.15,2.13,4.28,1.82
0.46,107.599998474121,1.75,1.57079637050629,0,16.6666660308838,2.15,2.13,4.28,1.82
0.47,107.766670227051,1.75,1.57079637050629,0,16.6666660308838,2.15,2.13,4.28,1.82
0.48,107.933334350586,1.75,1.57079637050629,0,16.6666660308838,2.15,2.13,4.28,1.82
0.49,108.099998474121,1.75,1.57079637050629,0,16.6666660308838,2.15,2.13,4.28,1.82
0.5,108.266670227051,1.75,1.57079637050629,0,16.6666660308838,2.15,2.13,4.28,1.82
0.51,108.433334350586,1.75,1.57079637050629,0,16.6666660308838,2.15,2.13,4.28,1.82
0.52,108.599998474121,1.75,1.57079637050629,0,16.6666660308838,2.15,2.13,4.28,1.82
0.53,108.766670227051,1.75,1.57079637050629,0,16.6666660308838,2.15,2.13,4.28,1.82
0.54,108.933334350586,1.75,1.57079637050629,0,16.6666660308838,2.15,2.13,4.28,1.82
0.55,109.099998474121,1.75,1.57079637050629,0,16.6666660308838,2.15,2.13,4.28,1.82
0.56,109.266670227051,1.75,1.57079637050629,0,16.6666660308838,2.15,2.13,4.28,1.82
0.57,109.433334350586,1.75,1.57079637050629,0,16.6666660308838,2.15,2.13,4.28,1.82
0.58,109.599998474121,1.75,1.57079637050629,0,16.6666660308838,2.15,2.13,4.28,1.82
0.59,109.766670227051,1.75,1.57079637050629,0,16.6666660308838,2.15,2.13,4.28,1.82
0.6,109.933334350586,1.75,1.57079637050629,0,16.6666660308838,2.15,2.13,4.28,1.82
0.61,110.099998474121,1.75,1.57079637050629,0,16.6666660308838,2.15,2.13,4.28,1.82
0.62,110.266670227051,1.75,1.57079637050629,0,16.6666660308838,2.15,2.13,4.28,1.82
0.63,110.433334350586,1.75,1.57079637050629,0,16.6666660308838,2.15,2.13,4.28,1.82
0.64,110.599998474121,1.75,1.57079637050629,0,16.6666660308838,2.15,2.13,4.28,1.82
0.65,110.766670227051,1.75,1.57079637050629,4.44089209850063e-14,16.6666660308838,2.15,2.13,4.28,1.82
0.66,110.933334350586,1.75,1.57079637050629,0,16.6666660308838,2.15,2.13,4.28,1.82
0.67,111.099998474121,1.75,1.57079637050629,0,16.6666660308838,2.15,2.13,4.28,1.82
0.68,111.266670227051,1.75,1.57079637050629,0,16.6666660308838,2.15,2.13,4.28,1.82
0.69,111.433334350586,1.75,1.57079637050629,0,16.6666660308838,2.15,2.13,4.28,1.82
0.7,111.599998474121,1.75,1.57079637050629,0,16.6666660308838,2.15,2.13,4.28,1.82
0.71,111.766670227051,1.75,1.57079637050629,0,16.6666660308838,2.15,2.13,4.28,1.82
0.72,111.933334350586,1.75,1.57079637050629,0,16.6666660308838,2.15,2.13,4.28,1.82
0.73,112.099998474121,1.75,1.57079637050629,0,16.6666660308838,2.15,2.13,4.28,1.82
0.74,112.266670227051,1.75,1.57079637050629,0,16.6666660308838,2.15,2.13,4.28,1.82
0.75,112.433334350586,1.75,1.57079637050629,0,16.6666660308838,2.15,2.13,4.28,1.82
0.76,112.599998474121,1.75,1.57079637050629,0,16.6666660308838,2.15,2.13,4.28,1.82
0.77,112.766670227051,1.75,1.57079637050629,0,16.6666660308838,2.15,2.13,4.28,1.82
0.78,112.933334350586,1.75,1.57079637050629,0,16.6666660308838,2.15,2.13,4.28,1.82
0.79,113.099998474121,1.75,1.57079637050629,0,16.6666660308838,2.15,2.13,4.28,1.82
0.8,113.266670227051,1.75,1.57079637050629,0,16.6666660308838,2.15,2.13,4.28,1.82
0.81,113.433334350586,1.75,1.57079637050629,0,16.6666660308838,2.15,2.13,4.28,1.82
0.82,113.599998474121,1.75,1.57079637050629,0,16.6666660308838,2.15,2.13,4.28,1.82
0.83,113.766670227051,1.75,1.57079637050629,0,16.6666660308838,2.15,2.13,4.28,1.82
0.84,113.933334350586,1.75,1.57079637050629,0,16.6666660308838,2.15,2.13,4.28,1.82
0.85,114.099998474121,1.75,1.57079637050629,0,16.6666660308838,2.15,2.13,4.28,1.82
0.86,114.266670227051,1.75,1.57079637050629,0,16.6666660308838,2.15,2.13,4.28,1.82
0.87,114.433334350586,1.75,1.57079637050629,4.44089209850063e-14,16.6666660308838,2.15,2.13,4.28,1.82
0.88,114.599998474121,1.75,1.57079637050629,0,16.6666660308838,2.15,2.13,4.28,1.82
0.89,114.766670227051,1.75,1.57079637050629,0,16.6666660308838,2.15,2.13,4.28,1.82
0.9,114.933334350586,1.75,1.57079637050629,0,16.6666660308838,2.15,2.13,4.28,1.82
0.91,115.099998474121,1.75,1.57079637050629,0,16.6666660308838,2.15,2.13,4.28,1.82
0.92,115.266670227051,1.75,1.57079637050629,0,16.6666660308838,2.15,2.13,4.28,1.82
0.93,115.433334350586,1.75,1.57079637050629,0,16.6666660308838,2.15,2.13,4.28,1.82
0.94,115.599998474121,1.75,1.57079637050629,0,16.6666660308838,2.15,2.13,4.28,1.82
0.95,115.766670227051,1.75,1.57079637050629,0,16.6666660308838,2.15,2.13,4.28,1.82
0.96,115.933334350586,1.75,1.57079637050629,0,16.6666660308838,2.15,2.13,4.28,1.82
0.97,116.099998474121,1.75,1.57079637050629,0,16.6666660308838,2.15,2.13,4.28,1.82
0.98,116.266670227051,1.75,1.57079637050629,0,16.6666660308838,2.15,2.13,4.28,1.82
0.99,116.433334350586,1.75,1.57079637050629,0,16.6666660308838,2.15,2.13,4.28,1.82
1,116.599998474121,1.75,1.57079637050629,0,16.6666660308838,2.15,2.13,4.28,1.82
1.01,116.766670227051,1.75,1.57079637050629,0,16.6666660308838,2.15,2.13,4.28,1.82
1.02,116.933334350586,1.75,1.57079637050629,0,16.6666660308838,2.15,2.13,4.28,1.82
1.03,117.099998474121,1.75,1.57079637050629,0,16.6666660308838,2.15,2.13,4.28,1.82
1.04,117.266670227051,1.75,1.57079637050629,0,16.6666660308838,2.15,2.13,4.28,1.82
1.05,117.433334350586,1.75,1.57079637050629,0,16.6666660308838,2.15,2.13,4.28,1.82
1.06,117.599998474121,1.75,1.57079637050629,0,16.6666660308838,2.15,2.13,4.28,1.82
1.07,117.766670227051,1.75,1.57079637050629,0,16.6666660308838,2.15,2.13,4.28,1.82
1.08,117.933334350586,1.75,1.57079637050629,0,16.6666660308838,2.15,2.13,4.28,1.82
1.09,118.099998474121,1.75,1.57079637050629,0,16.6666660308838,2.15,2.13,4.28,1.82
1.1,118.266670227051,1.75,1.57079637050629,0,16.6666660308838,2.15,2.13,4.28,1.82
1.11,118.433334350586,1.75,1.57079637050629,0,16.6666660308838,2.15,2.13,4.28,1.82
1.12,118.599998474121,1.75,1.57079637050629,0,16.6666660308838,2.15,2.13,4.28,1.82
1.13,118.766670227051,1.75,1.57079637050629,0,16.6666660308838,2.15,2.13,4.28,1.82
1.14,118.933334350586,1.75,1.57079637050629,0,16.6666660308838,2.15,2.13,4.28,1.82
1.15,119.099998474121,1.75,1.57079637050629,0,16.6666660308838,2.15,2.13,4.28,1.82
1.16,119.266670227051,1.75,1.57079637050629,0,16.6666660308838,2.15,2.13,4.28,1.82
1.17,119.433334350586,1.75,1.57079637050629,0,16.6666660308838,2.15,2.13,4.28,1.82
1.18,119.599998474121,1.75,1.57079637050629,0,16.6666660308838,2.15,2.13,4.28,1.82
1.19,119.766670227051,1.75,1.57079637050629,0,16.6666660308838,2.15,2.13,4.28,1.82
1.2,119.933334350586,1.75,1.57079637050629,0,16.6666660308838,2.15,2.13,4.28,1.82
1.21,120.099998474121,1.75,1.57079637050629,0,16.6666660308838,2.15,2.13,4.28,1.82
1.22,120.266670227051,1.75,1.57079637050629,0,16.6666660308838,2.15,2.13,4.28,1.82
1.23,120.433334350586,1.75,1.57079637050629,0,16.6666660308838,2.15,2.13,4.28,1.82
1.24,120.599998474121,1.75,1.57079637050629,0,16.6666660308838,2.15,2.13,4.28,1.82
1.25,120.766670227051,1.75,1.57079637050629,0,16.6666660308838,2.15,2.13,4.28,1.82
1.26,120.933334350586,1.75,1.57079637050629,0,16.6666660308838,2.15,2.13,4.28,1.82
1.27,121.099998474121,1.75,1.57079637050629,0,16.6666660308838,2.15,2.13,4.28,1.82
1.28,121.266670227051,1.75,1.57079637050629,0,16.6666660308838,2.15,2.13,4.28,1.82
1.29,121.433334350586,1.75,1.57079637050629,0,16.6666660308838,2.15,2.13,4.28,1.82
1.3,121.599998474121,1.75,1.57079637050629,0,16.6666660308838,2.15,2.13,4.28,1.82
1.31,121.766670227051,1.75,1.57079637050629,0,16.6666660308838,2.15,2.13,4.28,1.82
1.32,121.933334350586,1.75,1.57079637050629,0,16.6666660308838,2.15,2.13,4.28,1.82
1.33,122.099998474121,1.75,1.57079637050629,0,16.6666660308838,2.15,2.13,4.28,1.82
1.34,122.266670227051,1.75,1.57079637050629,0,16.6666660308838,2.15,2.13,4.28,1.82
1.35,122.433334350586,1.75,1.57079637050629,0,16.6666660308838,2.15,2.13,4.28,1.82
1.36,122.599998474121,1.75,1.57079637050629,0,16.6666660308838,2.15,2.13,4.28,1.82
1.37,122.766670227051,1.75,1.57079637050629,0,16.6666660308838,2.15,2.13,4.28,1.82
1.38,122.933334350586,1.75,1.57079637050629,0,16.6666660308838,2.15,2.13,4.28,1.82
1.39,123.099998474121,1.75,1.57079637050629,0,16.6666660308838,2.15,2.13,4.28,1.82
1.4,123.266670227051,1.75,1.57079637050629,0,16.6666660308838,2.15,2.13,4.28,1.82
1.41,123.433334350586,1.75,1.57079637050629,0,16.6666660308838,2.15,2.13,4.28,1.82
1.42,123.599998474121,1.75,1.57079637050629,0,16.6666660308838,2.15,2.13,4.28,1.82
1.43,123.766670227051,1.75,1.57079637050629,0,16.6666660308838,2.15,2.13,4.28,1.82
1.44,123.933334350586,1.75,1.57079637050629,0,16.6666660308838,2.15,2.13,4.28,1.82
1.45,124.099998474121,1.75,1.57079637050629,0,16.6666660308838,2.15,2.13,4.28,1.82
1.46,124.266670227051,1.75,1.57079637050629,0,16.6666660308838,2.15,2.13,4.28,1.82
1.47,124.433334350586,1.75,1.57079637050629,0,16.6666660308838,2.15,2.13,4.28,1.82
1.48,124.599998474121,1.75,1.57079637050629,0,16.6666660308838,2.15,2.13,4.28,1.82
1.49,124.766670227051,1.75,1.57079637050629,0,16.6666660308838,2.15,2.13,4.28,1.82
1.5,124.933334350586,1.75,1.57079637050629,0,16.6666660308838,2.15,2.13,4.28,1.82
1.51,125.099998474121,1.75,1.57079637050629,0,16.6666660308838,2.15,2.13,4.28,1.82
1.52,125.266670227051,1.75,1.57079637050629,4.44089209850063e-14,16.6666660308838,2.15,2.13,4.28,1.82
1.53,125.433334350586,1.75,1.57079637050629,0,16.6666660308838,2.15,2.13,4.28,1.82
1.54,125.599998474121,1.75,1.57079637050629,0,16.6666660308838,2.15,2.13,4.28,1.82
1.55,125.766670227051,1.75,1.57079637050629,0,16.6666660308838,2.15,2.13,4.28,1.82
1.56,125.933334350586,1.75,1.57079637050629,0,16.6666660308838,2.15,2.13,4.28,1.82
1.57,126.099998474121,1.75,1.57079637050629,0,16.6666660308838,2.15,2.13,4.28,1.82
1.58,126.266670227051,1.75,1.57079637050629,0,16.6666660308838,2.15,2.13,4.28,1.82
1.59,126.433334350586,1.75,1.57079637050629,0,16.6666660308838,2.15,2.13,4.28,1.82
1.6,126.599998474121,1.75,1.57079637050629,0,16.6666660308838,2.15,2.13,4.28,1.82
1.61,126.766670227051,1.75,1.57079637050629,0,16.6666660308838,2.15,2.13,4.28,1.82
1.62,126.933334350586,1.75,1.57079637050629,0,16.6666660308838,2.15,2.13,4.28,1.82
1.63,127.099998474121,1.75,1.57079637050629,0,16.6666660308838,2.15,2.13,4.28,1.82
1.64,127.266670227051,1.75,1.57079637050629,0,16.6666660308838,2.15,2.13,4.28,1.82
1.65,127.433334350586,1.75,1.57079637050629,0,16.6666660308838,2.15,2.13,4.28,1.82
1.66,127.599998474121,1.75,1.57079637050629,0,16.6666660308838,2.15,2.13,4.28,1.82
1.67,127.766670227051,1.75,1.57079637050629,0,16.6666660308838,2.15,2.13,4.28,1.82
1.68,127.933334350586,1.75,1.57079637050629,0,16.6666660308838,2.15,2.13,4.28,1.82
1.69,128.100006103516,1.75,1.57079637050629,0,16.6666660308838,2.15,2.13,4.28,1.82
1.7,128.266662597656,1.75,1.57079637050629,0,16.6666660308838,2.15,2.13,4.28,1.82
1.71,128.433334350586,1.75,1.57079637050629,0,16.6666660308838,2.15,2.13,4.28,1.82
1.72,128.600006103516,1.75,1.57079637050629,0,16.6666660308838,2.15,2.13,4.28,1.82
1.73,128.766662597656,1.75,1.57079637050629,0,16.6666660308838,2.15,2.13,4.28,1.82
1.74,128.933334350586,1.75,1.57079637050629,4.44089209850063e-14,16.6666660308838,2.15,2.13,4.28,1.82
1.75,129.100006103516,1.75,1.57079637050629,0,16.6666660308838,2.15,2.13,4.28,1.82
1.76,129.266662597656,1.75,1.57079637050629,0,16.6666660308838,2.15,2.13,4.28,1.82
1.77,129.433334350586,1.75,1.57079637050629,0,16.6666660308838,2.15,2.13,4.28,1.82
1.78,129.600006103516,1.75,1.57079637050629,0,16.6666660308838,2.15,2.13,4.28,1.82
1.79,129.766662597656,1.75,1.57079637050629,0,16.6666660308838,2.15,2.13,4.28,1.82
1.8,129.933334350586,1.75,1.57079637050629,0,16.6666660308838,2.15,2.13,4.28,1.82
1.81,130.100006103516,1.75,1.57079637050629,0,16.6666660308838,2.15,2.13,4.28,1.82
1.82,130.266662597656,1.75,1.57079637050629,0,16.6666660308838,2.15,2.13,4.28,1.82
1.83,130.433334350586,1.75,1.57079637050629,0,16.6666660308838,2.15,2.13,4.28,1.82
1.84,130.600006103516,1.75,1.57079637050629,0,16.6666660308838,2.15,2.13,4.28,1.82
1.85,130.766662597656,1.75,1.57079637050629,0,16.6666660308838,2.15,2.13,4.28,1.82
1.86,130.933334350586,1.75,1.57079637050629,0,16.6666660308838,2.15,2.13,4.28,1.82
1.87,131.100006103516,1.75,1.57079637050629,0,16.6666660308838,2.15,2.13,4.28,1.82
1.88,131.266662597656,1.75,1.57079637050629,0,16.6666660308838,2.15,2.13,4.28,1.82
1.89,131.433334350586,1.75,1.57079637050629,0,16.6666660308838,2.15,2.13,4.28,1.82
1.9,131.600006103516,1.75,1.57079637050629,0,16.6666660308838,2.15,2.13,4.28,1.82
1.91,131.766662597656,1.75,1.57079637050629,0,16.6666660308838,2.15,2.13,4.28,1.82
1.92,131.933334350586,1.75,1.57079637050629,0,16.6666660308838,2.15,2.13,4.28,1.82
1.93,132.100006103516,1.75,1.57079637050629,0,16.6666660308838,2.15,2.13,4.28,1.82
1.94,132.266662597656,1.75,1.57079637050629,0,16.6666660308838,2.15,2.13,4.28,1.82
1.95,132.433334350586,1.75,1.57079637050629,0,16.6666660308838,2.15,2.13,4.28,1.82
1.96,132.600006103516,1.75,1.57079637050629,0,16.6666660308838,2.15,2.13,4.28,1.82
1.97,132.766662597656,1.75,1.57079637050629,0,16.6666660308838,2.15,2.13,4.28,1.82
1.98,132.933334350586,1.75,1.57079637050629,0,16.6666660308838,2.15,2.13,4.28,1.82
1.99,133.100006103516,1.75,1.57079637050629,0,16.6666660308838,2.15,2.13,4.28,1.82
2,133.266662597656,1.75,1.57079637050629,0,16.6666660308838,2.15,2.13,4.28,1.82
2.01,133.433334350586,1.75,1.57079637050629,0,16.6666660308838,2.15,2.13,4.28,1.82
2.02,133.600006103516,1.75,1.57079637050629,0,16.6666660308838,2.15,2.13,4.28,1.82
2.03,133.766662597656,1.75,1.57079637050629,0,16.6666660308838,2.15,2.13,4.28,1.82
2.04,133.933334350586,1.75,1.57079637050629,0,16.6666660308838,2.15,2.13,4.28,1.82
2.05,134.100006103516,1.75,1.57079637050629,0,16.6666660308838,2.15,2.13,4.28,1.82
2.06,134.266662597656,1.75,1.57079637050629,0,16.6666660308838,2.15,2.13,4.28,1.82
2.07,134.433334350586,1.75,1.57079637050629,0,16.6666660308838,2.15,2.13,4.28,1.82
2.08,134.600006103516,1.75,1.57079637050629,0,16.6666660308838,2.15,2.13,4.28,1.82
2.09,134.766662597656,1.75,1.57079637050629,0,16.6666660308838,2.15,2.13,4.28,1.82
2.1,134.933334350586,1.75,1.57079637050629,0,16.6666660308838,2.15,2.13,4.28,1.82
2.11,135.100006103516,1.75,1.57079637050629,0,16.6666660308838,2.15,2.13,4.28,1.82
2.12,135.266662597656,1.75,1.57079637050629,0,16.6666660308838,2.15,2.13,4.28,1.82
2.13,135.433334350586,1.75,1.57079637050629,0,16.6666660308838,2.15,2.13,4.28,1.82
2.14,135.600006103516,1.75,1.57079637050629,0,16.6666660308838,2.15,2.13,4.28,1.82
2.15,135.766662597656,1.75,1.57079637050629,0,16.6666660308838,2.15,2.13,4.28,1.82
2.16,135.933334350586,1.75,1.57079637050629,0,16.6666660308838,2.15,2.13,4.28,1.82
2.17,136.100006103516,1.75,1.57079637050629,0,16.6666660308838,2.15,2.13,4.28,1.82
2.18,136.266662597656,1.75,1.57079637050629,0,16.6666660308838,2.15,2.13,4.28,1.82
2.19,136.433334350586,1.75,1.57079637050629,0,16.6666660308838,2.15,2.13,4.28,1.82
2.2,136.600006103516,1.75,1.57079637050629,0,16.6666660308838,2.15,2.13,4.28,1.82
2.21,136.766662597656,1.75,1.57079637050629,0,16.6666660308838,2.15,2.13,4.28,1.82
2.22,136.933334350586,1.75,1.57079637050629,0,16.6666660308838,2.15,2.13,4.28,1.82
2.23,137.100006103516,1.75,1.57079637050629,0,16.6666660308838,2.15,2.13,4.28,1.82
2.24,137.266662597656,1.75,1.57079637050629,0,16.6666660308838,2.15,2.13,4.28,1.82
2.25,137.433334350586,1.75,1.57079637050629,0,16.6666660308838,2.15,2.13,4.28,1.82
2.26,137.600006103516,1.75,1.57079637050629,0,16.6666660308838,2.15,2.13,4.28,1.82
2.27,137.766662597656,1.75,1.57079637050629,0,16.6666660308838,2.15,2.13,4.28,1.82
2.28,137.933334350586,1.75,1.57079637050629,0,16.6666660308838,2.15,2.13,4.28,1.82
2.29,138.100006103516,1.75,1.57079637050629,0,16.6666660308838,2.15,2.13,4.28,1.82
2.3,138.266662597656,1.75,1.57079637050629,0,16.6666660308838,2.15,2.13,4.28,1.82
2.31,138.433334350586,1.75,1.57079637050629,0,16.6666660308838,2.15,2.13,4.28,1.82
2.32,138.600006103516,1.75,1.57079637050629,0,16.6666660308838,2.15,2.13,4.28,1.82
2.33,138.766662597656,1.75,1.57079637050629,0,16.6666660308838,2.15,2.13,4.28,1.82
2.34,138.933334350586,1.75,1.57079637050629,0,16.6666660308838,2.15,2.13,4.28,1.82
2.35,139.100006103516,1.75,1.57079637050629,0,16.6666660308838,2.15,2.13,4.28,1.82
2.36,139.266662597656,1.75,1.57079637050629,0,16.6666660308838,2.15,2.13,4.28,1.82
2.37,139.433334350586,1.75,1.57079637050629,0,16.6666660308838,2.15,2.13,4.28,1.82
2.38,139.600006103516,1.75,1.57079637050629,0,16.6666660308838,2.15,2.13,4.28,1.82
2.39,139.766662597656,1.75,1.57079637050629,4.44089209850063e-14,16.6666660308838,2.15,2.13,4.28,1.82
2.4,139.933334350586,1.75,1.57079637050629,0,16.6666660308838,2.15,2.13,4.28,1.82
2.41,140.100006103516,1.75,1.57079637050629,0,16.6666660308838,2.15,2.13,4.28,1.82
2.42,140.266662597656,1.75,1.57079637050629,0,16.6666660308838,2.15,2.13,4.28,1.82
2.43,140.433334350586,1.75,1.57079637050629,0,16.6666660308838,2.15,2.13,4.28,1.82
2.44,140.600006103516,1.75,1.57079637050629,0,16.6666660308838,2.15,2.13,4.28,1.82
2.45,140.766662597656,1.75,1.57079637050629,0,16.6666660308838,2.15,2.13,4.28,1.82
2.46,140.933334350586,1.75,1.57079637050629,0,16.6666660308838,2.15,2.13,4.28,1.82
2.47,141.100006103516,1.75,1.57079637050629,0,16.6666660308838,2.15,2.13,4.28,1.82
2.48,141.266662597656,1.75,1.57079637050629,0,16.6666660308838,2.15,2.13,4.28,1.82
2.49,141.433334350586,1.75,1.57079637050629,0,16.6666660308838,2.15,2.13,4.28,1.82
2.5,141.600006103516,1.75,1.57079637050629,0,16.6666660308838,2.15,2.13,4.28,1.82
2.51,141.766662597656,1.75,1.57079637050629,0,16.6666660308838,2.15,2.13,4.28,1.82
2.52,141.933334350586,1.75,1.57079637050629,0,16.6666660308838,2.15,2.13,4.28,1.82
2.53,142.100006103516,1.75,1.57079637050629,0,16.6666660308838,2.15,2.13,4.28,1.82
2.54,142.266662597656,1.75,1.57079637050629,0,16.6666660308838,2.15,2.13,4.28,1.82
2.55,142.433334350586,1.75,1.57079637050629,0,16.6666660308838,2.15,2.13,4.28,1.82
2.56,142.600006103516,1.75,1.57079637050629,0,16.6666660308838,2.15,2.13,4.28,1.82
2.57,142.766662597656,1.75,1.57079637050629,0,16.6666660308838,2.15,2.13,4.28,1.82
2.58,142.933334350586,1.75,1.57079637050629,0,16.6666660308838,2.15,2.13,4.28,1.82
2.59,143.100006103516,1.75,1.57079637050629,0,16.6666660308838,2.15,2.13,4.28,1.82
2.6,143.266662597656,1.75,1.57079637050629,0,16.6666660308838,2.15,2.13,4.28,1.82
2.61,143.433334350586,1.75,1.57079637050629,4.44089209850063e-14,16.6666660308838,2.15,2.13,4.28,1.82
2.62,143.600006103516,1.75,1.57079637050629,0,16.6666660308838,2.15,2.13,4.28,1.82
2.63,143.766662597656,1.75,1.57079637050629,0,16.6666660308838,2.15,2.13,4.28,1.82
2.64,143.933334350586,1.75,1.57079637050629,0,16.6666660308838,2.15,2.13,4.28,1.82
2.65,144.100006103516,1.75,1.57079637050629,0,16.6666660308838,2.15,2.13,4.28,1.82
2.66,144.266662597656,1.75,1.57079637050629,0,16.6666660308838,2.15,2.13,4.28,1.82
2.67,144.433334350586,1.75,1.57079637050629,0,16.6666660308838,2.15,2.13,4.28,1.82
2.68,144.600006103516,1.75,1.57079637050629,0,16.6666660308838,2.15,2.13,4.28,1.82
2.69,144.766662597656,1.75,1.57079637050629,0,16.6666660308838,2.15,2.13,4.28,1.82
2.7,144.933334350586,1.75,1.57079637050629,0,16.6666660308838,2.15,2.13,4.28,1.82
2.71,145.100006103516,1.75,1.57079637050629,0,16.6666660308838,2.15,2.13,4.28,1.82
2.72,145.266662597656,1.75,1.57079637050629,0,16.6666660308838,2.15,2.13,4.28,1.82
2.73,145.433334350586,1.75,1.57079637050629,0,16.6666660308838,2.15,2.13,4.28,1.82
2.74,145.600006103516,1.75,1.57079637050629,0,16.6666660308838,2.15,2.13,4.28,1.82
2.75,145.766662597656,1.75,1.57079637050629,0,16.6666660308838,2.15,2.13,4.28,1.82
2.76,145.933334350586,1.75,1.57079637050629,0,16.6666660308838,2.15,2.13,4.28,1.82
2.77,146.100006103516,1.75,1.57079637050629,0,16.6666660308838,2.15,2.13,4.28,1.82
2.78,146.266662597656,1.75,1.57079637050629,0,16.6666660308838,2.15,2.13,4.28,1.82
2.79,146.433334350586,1.75,1.57079637050629,0,16.6666660308838,2.15,2.13,4.28,1.82
2.8,146.600006103516,1.75,1.57079637050629,0,16.6666660308838,2.15,2.13,4.28,1.82
2.81,146.766662597656,1.75,1.57079637050629,0,16.6666660308838,2.15,2.13,4.28,1.82
2.82,146.933334350586,1.75,1.57079637050629,0,16.6666660308838,2.15,2.13,4.28,1.82
2.83,147.100006103516,1.75,1.57079637050629,0,16.6666660308838,2.15,2.13,4.28,1.82
2.84,147.266662597656,1.75,1.57079637050629,0,16.6666660308838,2.15,2.13,4.28,1.82
2.85,147.433334350586,1.75,1.57079637050629,0,16.6666660308838,2.15,2.13,4.28,1.82
2.86,147.600006103516,1.75,1.57079637050629,0,16.6666660308838,2.15,2.13,4.28,1.82
2.87,147.766662597656,1.75,1.57079637050629,0,16.6666660308838,2.15,2.13,4.28,1.82
2.88,147.933334350586,1.75,1.57079637050629,0,16.6666660308838,2.15,2.13,4.28,1.82
2.89,148.100006103516,1.75,1.57079637050629,0,16.6666660308838,2.15,2.13,4.28,1.82
2.9,148.266662597656,1.75,1.57079637050629,0,16.6666660308838,2.15,2.13,4.28,1.82
2.91,148.433334350586,1.75,1.57079637050629,0,16.6666660308838,2.15,2.13,4.28,1.82
2.92,148.600006103516,1.75,1.57079637050629,0,16.6666660308838,2.15,2.13,4.28,1.82
2.93,148.766662597656,1.75,1.57079637050629,0,16.6666660308838,2.15,2.13,4.28,1.82
2.94,148.933334350586,1.75,1.57079637050629,0,16.6666660308838,2.15,2.13,4.28,1.82
2.95,149.100006103516,1.75,1.57079637050629,0,16.6666660308838,2.15,2.13,4.28,1.82
2.96,149.266662597656,1.75,1.57079637050629,0,16.6666660308838,2.15,2.13,4.28,1.82
2.97,149.433334350586,1.75,1.57079637050629,0,16.6666660308838,2.15,2.13,4.28,1.82
2.98,149.600006103516,1.75,1.57079637050629,0,16.6666660308838,2.15,2.13,4.28,1.82
2.99,149.766662597656,1.75,1.57079637050629,0,16.6666660308838,2.15,2.13,4.28,1.82
3,149.933334350586,1.75,1.57079637050629,0,16.6666660308838,2.15,2.13,4.28,1.82
3.01,150.100006103516,1.75,1.57079637050629,0,16.6666660308838,2.15,2.13,4.28,1.82
3.02,150.266662597656,1.75,1.57079637050629,0,16.6666660308838,2.15,2.13,4.28,1.82
3.03,150.433334350586,1.75,1.57079637050629,0,16.6666660308838,2.15,2.13,4.28,1.82
3.04,150.600006103516,1.75,1.57079637050629,0,16.6666660308838,2.15,2.13,4.28,1.82
3.05,150.766662597656,1.75,1.57079637050629,0,16.6666660308838,2.15,2.13,4.28,1.82
3.06,150.933334350586,1.75,1.57079637050629,0,16.6666660308838,2.15,2.13,4.28,1.82
3.07,151.100006103516,1.75,1.57079637050629,0,16.6666660308838,2.15,2.13,4.28,1.82
3.08,151.266662597656,1.75,1.57079637050629,0,16.6666660308838,2.15,2.13,4.28,1.82
3.09,151.433334350586,1.75,1.57079637050629,0,16.6666660308838,2.15,2.13,4.28,1.82
3.1,151.600006103516,1.75,1.57079637050629,0,16.6666660308838,2.15,2.13,4.28,1.82
3.11,151.766662597656,1.75,1.57079637050629,0,16.6666660308838,2.15,2.13,4.28,1.82
3.12,151.933334350586,1.75,1.57079637050629,0,16.6666660308838,2.15,2.13,4.28,1.82
3.13,152.100006103516,1.75,1.57079637050629,0,16.6666660308838,2.15,2.13,4.28,1.82
3.14,152.266662597656,1.75,1.57079637050629,0,16.6666660308838,2.15,2.13,4.28,1.82
3.15,152.433334350586,1.75,1.57079637050629,0,16.6666660308838,2.15,2.13,4.28,1.82
3.16,152.600006103516,1.75,1.57079637050629,0,16.6666660308838,2.15,2.13,4.28,1.82
3.17,152.766662597656,1.75,1.57079637050629,0,16.6666660308838,2.15,2.13,4.28,1.82
3.18,152.933334350586,1.75,1.57079637050629,0,16.6666660308838,2.15,2.13,4.28,1.82
3.19,153.100006103516,1.75,1.57079637050629,0,16.6666660308838,2.15,2.13,4.28,1.82
3.2,153.266662597656,1.75,1.57079637050629,0,16.6666660308838,2.15,2.13,4.28,1.82
3.21,153.433334350586,1.75,1.57079637050629,0,16.6666660308838,2.15,2.13,4.28,1.82
3.22,153.600006103516,1.75,1.57079637050629,0,16.6666660308838,2.15,2.13,4.28,1.82
3.23,153.766662597656,1.75,1.57079637050629,0,16.6666660308838,2.15,2.13,4.28,1.82
3.24,153.933334350586,1.75,1.57079637050629,0,16.6666660308838,2.15,2.13,4.28,1.82
3.25,154.100006103516,1.75,1.57079637050629,0,16.6666660308838,2.15,2.13,4.28,1.82
3.26,154.266662597656,1.75,1.57079637050629,4.44089209850063e-14,16.6666660308838,2.15,2.13,4.28,1.82
3.27,154.433334350586,1.75,1.57079637050629,0,16.6666660308838,2.15,2.13,4.28,1.82
3.28,154.600006103516,1.75,1.57079637050629,0,16.6666660308838,2.15,2.13,4.28,1.82
3.29,154.766662597656,1.75,1.57079637050629,0,16.6666660308838,2.15,2.13,4.28,1.82
3.3,154.933334350586,1.75,1.57079637050629,0,16.6666660308838,2.15,2.13,4.28,1.82
3.31,155.100006103516,1.75,1.57079637050629,0,16.6666660308838,2.15,2.13,4.28,1.82
3.32,155.266662597656,1.75,1.57079637050629,0,16.6666660308838,2.15,2.13,4.28,1.82
3.33,155.433334350586,1.75,1.57079637050629,0,16.6666660308838,2.15,2.13,4.28,1.82
3.34,155.600006103516,1.75,1.57079637050629,0,16.6666660308838,2.15,2.13,4.28,1.82
3.35,155.766662597656,1.75,1.57079637050629,0,16.6666660308838,2.15,2.13,4.28,1.82
3.36,155.933334350586,1.75,1.57079637050629,0,16.6666660308838,2.15,2.13,4.28,1.82
3.37,156.100006103516,1.75,1.57079637050629,0,16.6666660308838,2.15,2.13,4.28,1.82
3.38,156.266662597656,1.75,1.57079637050629,0,16.6666660308838,2.15,2.13,4.28,1.82
3.39,156.433334350586,1.75,1.57079637050629,0,16.6666660308838,2.15,2.13,4.28,1.82
3.4,156.600006103516,1.75,1.57079637050629,0,16.6666660308838,2.15,2.13,4.28,1.82
3.41,156.766662597656,1.75,1.57079637050629,0,16.6666660308838,2.15,2.13,4.28,1.82
3.42,156.933334350586,1.75,1.57079637050629,0,16.6666660308838,2.15,2.13,4.28,1.82
3.43,157.100006103516,1.75,1.57079637050629,0,16.6666660308838,2.15,2.13,4.28,1.82
3.44,157.266662597656,1.75,1.57079637050629,0,16.6666660308838,2.15,2.13,4.28,1.82
3.45,157.433334350586,1.75,1.57079637050629,0,16.6666660308838,2.15,2.13,4.28,1.82
3.46,157.600006103516,1.75,1.57079637050629,0,16.6666660308838,2.15,2.13,4.28,1.82
3.47,157.766662597656,1.75,1.57079637050629,0,16.6666660308838,2.15,2.13,4.28,1.82
3.48,157.933334350586,1.75,1.57079637050629,4.44089209850063e-14,16.6666660308838,2.15,2.13,4.28,1.82
3.49,158.100006103516,1.75,1.57079637050629,0,16.6666660308838,2.15,2.13,4.28,1.82
3.5,158.266662597656,1.75,1.57079637050629,0,16.6666660308838,2.15,2.13,4.28,1.82
3.51,158.433334350586,1.75,1.57079637050629,0,16.6666660308838,2.15,2.13,4.28,1.82
3.52,158.600006103516,1.75,1.57079637050629,0,16.6666660308838,2.15,2.13,4.28,1.82
3.53,158.766662597656,1.75,1.57079637050629,0,16.6666660308838,2.15,2.13,4.28,1.82
3.54,158.933334350586,1.75,1.57079637050629,0,16.6666660308838,2.15,2.13,4.28,1.82
3.55,159.100006103516,1.75,1.57079637050629,0,16.6666660308838,2.15,2.13,4.28,1.82
3.56,159.266662597656,1.75,1.57079637050629,0,16.6666660308838,2.15,2.13,4.28,1.82
3.57,159.433334350586,1.75,1.57079637050629,0,16.6666660308838,2.15,2.13,4.28,1.82
3.58,159.600006103516,1.75,1.57079637050629,0,16.6666660308838,2.15,2.13,4.28,1.82
3.59,159.766662597656,1.75,1.57079637050629,0,16.6666660308838,2.15,2.13,4.28,1.82
3.6,159.933334350586,1.75,1.57079637050629,0,16.6666660308838,2.15,2.13,4.28,1.82
3.61,160.100006103516,1.75,1.57079637050629,0,16.6666660308838,2.15,2.13,4.28,1.82
3.62,160.266662597656,1.75,1.57079637050629,0,16.6666660308838,2.15,2.13,4.28,1.82
3.63,160.433334350586,1.75,1.57079637050629,0,16.6666660308838,2.15,2.13,4.28,1.82
3.64,160.600006103516,1.75,1.57079637050629,0,16.6666660308838,2.15,2.13,4.28,1.82
3.65,160.766662597656,1.75,1.57079637050629,0,16.6666660308838,2.15,2.13,4.28,1.82
3.66,160.933334350586,1.75,1.57079637050629,0,16.6666660308838,2.15,2.13,4.28,1.82
3.67,161.100006103516,1.75,1.57079637050629,0,16.6666660308838,2.15,2.13,4.28,1.82
3.68,161.266662597656,1.75,1.57079637050629,0,16.6666660308838,2.15,2.13,4.28,1.82
3.69,161.433334350586,1.75,1.57079637050629,0,16.6666660308838,2.15,2.13,4.28,1.82
3.7,161.600006103516,1.75,1.57079637050629,0,16.6666660308838,2.15,2.13,4.28,1.82
3.71,161.766662597656,1.75,1.57079637050629,0,16.6666660308838,2.15,2.13,4.28,1.82
3.72,161.933334350586,1.75,1.57079637050629,0,16.6666660308838,2.15,2.13,4.28,1.82
3.73,162.100006103516,1.75,1.57079637050629,0,16.6666660308838,2.15,2.13,4.28,1.82
3.74,162.266662597656,1.75,1.57079637050629,0,16.6666660308838,2.15,2.13,4.28,1.82
3.75,162.433334350586,1.75,1.57079637050629,0,16.6666660308838,2.15,2.13,4.28,1.82
3.76,162.600006103516,1.75,1.57079637050629,0,16.6666660308838,2.15,2.13,4.28,1.82
3.77,162.766662597656,1.75,1.57079637050629,0,16.6666660308838,2.15,2.13,4.28,1.82
3.78,162.933334350586,1.75,1.57079637050629,0,16.6666660308838,2.15,2.13,4.28,1.82
3.79,163.100006103516,1.75,1.57079637050629,0,16.6666660308838,2.15,2.13,4.28,1.82
3.8,163.266662597656,1.75,1.57079637050629,0,16.6666660308838,2.15,2.13,4.28,1.82
3.81,163.433334350586,1.75,1.57079637050629,0,16.6666660308838,2.15,2.13,4.28,1.82
3.82,163.600006103516,1.75,1.57079637050629,0,16.6666660308838,2.15,2.13,4.28,1.82
3.83,163.766662597656,1.75,1.57079637050629,0,16.6666660308838,2.15,2.13,4.28,1.82
3.84,163.933334350586,1.75,1.57079637050629,0,16.6666660308838,2.15,2.13,4.28,1.82
3.85,164.100006103516,1.75,1.57079637050629,0,16.6666660308838,2.15,2.13,4.28,1.82
3.86,164.266662597656,1.75,1.57079637050629,0,16.6666660308838,2.15,2.13,4.28,1.82
3.87,164.433334350586,1.75,1.57079637050629,0,16.6666660308838,2.15,2.13,4.28,1.82
3.88,164.600006103516,1.75,1.57079637050629,0,16.6666660308838,2.15,2.13,4.28,1.82
3.89,164.766662597656,1.75,1.57079637050629,0,16.6666660308838,2.15,2.13,4.28,1.82
3.9,164.933334350586,1.75,1.57079637050629,0,16.6666660308838,2.15,2.13,4.28,1.82
3.91,165.100006103516,1.75,1.57079637050629,0,16.6666660308838,2.15,2.13,4.28,1.82
3.92,165.266662597656,1.75,1.57079637050629,0,16.6666660308838,2.15,2.13,4.28,1.82
3.93,165.433334350586,1.75,1.57079637050629,0,16.6666660308838,2.15,2.13,4.28,1.82
3.94,165.600006103516,1.75,1.57079637050629,0,16.6666660308838,2.15,2.13,4.28,1.82
3.95,165.766662597656,1.75,1.57079637050629,0,16.6666660308838,2.15,2.13,4.28,1.82
3.96,165.933334350586,1.75,1.57079637050629,0,16.6666660308838,2.15,2.13,4.28,1.82
3.97,166.100006103516,1.75,1.57079637050629,0,16.6666660308838,2.15,2.13,4.28,1.82
3.98,166.266662597656,1.75,1.57079637050629,0,16.6666660308838,2.15,2.13,4.28,1.82
3.99,166.433334350586,1.75,1.57079637050629,0,16.6666660308838,2.15,2.13,4.28,1.82
4,166.600006103516,1.75,1.57079637050629,0,16.6666660308838,2.15,2.13,4.28,1.82
4.01,166.766662597656,1.75,1.57079637050629,0,16.6666660308838,2.15,2.13,4.28,1.82
4.02,166.933334350586,1.75,1.57079637050629,0,16.6666660308838,2.15,2.13,4.28,1.82
4.03,167.100006103516,1.75,1.57079637050629,0,16.6666660308838,2.15,2.13,4.28,1.82
4.04,167.266662597656,1.75,1.57079637050629,0,16.6666660308838,2.15,2.13,4.28,1.82
4.05,167.433334350586,1.75,1.57079637050629,0,16.6666660308838,2.15,2.13,4.28,1.82
4.06,167.600006103516,1.75,1.57079637050629,0,16.6666660308838,2.15,2.13,4.28,1.82
4.07,167.766662597656,1.75,1.57079637050629,0,16.6666660308838,2.15,2.13,4.28,1.82
4.08,167.933334350586,1.75,1.57079637050629,0,16.6666660308838,2.15,2.13,4.28,1.82
4.09,168.100006103516,1.75,1.57079637050629,0,16.6666660308838,2.15,2.13,4.28,1.82
4.1,168.266662597656,1.75,1.57079637050629,0,16.6666660308838,2.15,2.13,4.28,1.82
4.11,168.433334350586,1.75,1.57079637050629,0,16.6666660308838,2.15,2.13,4.28,1.82
4.12,168.600006103516,1.75,1.57079637050629,0,16.6666660308838,2.15,2.13,4.28,1.82
4.13,168.766662597656,1.75,1.57079637050629,4.44089209850063e-14,16.6666660308838,2.15,2.13,4.28,1.82
4.14,168.933334350586,1.75,1.57079637050629,0,16.6666660308838,2.15,2.13,4.28,1.82
4.15,169.100006103516,1.75,1.57079637050629,0,16.6666660308838,2.15,2.13,4.28,1.82
4.16,169.266662597656,1.75,1.57079637050629,0,16.6666660308838,2.15,2.13,4.28,1.82
4.17,169.433334350586,1.75,1.57079637050629,0,16.6666660308838,2.15,2.13,4.28,1.82
4.18,169.600006103516,1.75,1.57079637050629,0,16.6666660308838,2.15,2.13,4.28,1.82
4.19,169.766662597656,1.75,1.57079637050629,0,16.6666660308838,2.15,2.13,4.28,1.82
4.2,169.933334350586,1.75,1.57079637050629,0,16.6666660308838,2.15,2.13,4.28,1.82
4.21,170.100006103516,1.75,1.57079637050629,0,16.6666660308838,2.15,2.13,4.28,1.82
4.22,170.266662597656,1.75,1.57079637050629,0,16.6666660308838,2.15,2.13,4.28,1.82
4.23,170.433334350586,1.75,1.57079637050629,0,16.6666660308838,2.15,2.13,4.28,1.82
4.24,170.600006103516,1.75,1.57079637050629,0,16.6666660308838,2.15,2.13,4.28,1.82
4.25,170.766662597656,1.75,1.57079637050629,0,16.6666660308838,2.15,2.13,4.28,1.82
4.26,170.933334350586,1.75,1.57079637050629,0,16.6666660308838,2.15,2.13,4.28,1.82
4.27,171.100006103516,1.75,1.57079637050629,0,16.6666660308838,2.15,2.13,4.28,1.82
4.28,171.266662597656,1.75,1.57079637050629,0,16.6666660308838,2.15,2.13,4.28,1.82
4.29,171.433334350586,1.75,1.57079637050629,0,16.6666660308838,2.15,2.13,4.28,1.82
4.3,171.600006103516,1.75,1.57079637050629,0,16.6666660308838,2.15,2.13,4.28,1.82
4.31,171.766662597656,1.75,1.57079637050629,0,16.6666660308838,2.15,2.13,4.28,1.82
4.32,171.933334350586,1.75,1.57079637050629,0,16.6666660308838,2.15,2.13,4.28,1.82
4.33,172.100006103516,1.75,1.57079637050629,0,16.6666660308838,2.15,2.13,4.28,1.82
4.34,172.266662597656,1.75,1.57079637050629,0,16.6666660308838,2.15,2.13,4.28,1.82
4.35,172.433334350586,1.75,1.57079637050629,4.44089209850063e-14,16.6666660308838,2.15,2.13,4.28,1.82
4.36,172.600006103516,1.75,1.57079637050629,0,16.6666660308838,2.15,2.13,4.28,1.82
4.37,172.766662597656,1.75,1.57079637050629,0,16.6666660308838,2.15,2.13,4.28,1.82
4.38,172.933334350586,1.75,1.57079637050629,0,16.6666660308838,2.15,2.13,4.28,1.82
4.39,173.100006103516,1.75,1.57079637050629,0,16.6666660308838,2.15,2.13,4.28,1.82
4.4,173.266662597656,1.75,1.57079637050629,0,16.6666660308838,2.15,2.13,4.28,1.82
4.41,173.433334350586,1.75,1.57079637050629,0,16.6666660308838,2.15,2.13,4.28,1.82
4.42,173.600006103516,1.75,1.57079637050629,0,16.6666660308838,2.15,2.13,4.28,1.82
4.43,173.766662597656,1.75,1.57079637050629,0,16.6666660308838,2.15,2.13,4.28,1.82
4.44,173.933334350586,1.75,1.57079637050629,0,16.6666660308838,2.15,2.13,4.28,1.82
4.45,174.100006103516,1.75,1.57079637050629,0,16.6666660308838,2.15,2.13,4.28,1.82
4.46,174.266662597656,1.75,1.57079637050629,0,16.6666660308838,2.15,2.13,4.28,1.82
4.47,174.433334350586,1.75,1.57079637050629,0,16.6666660308838,2.15,2.13,4.28,1.82
4.48,174.600006103516,1.75,1.57079637050629,0,16.6666660308838,2.15,2.13,4.28,1.82
4.49,174.766662597656,1.75,1.57079637050629,0,16.6666660308838,2.15,2.13,4.28,1.82
4.5,174.933334350586,1.75,1.57079637050629,0,16.6666660308838,2.15,2.13,4.28,1.82
4.51,175.100006103516,1.75,1.57079637050629,0,16.6666660308838,2.15,2.13,4.28,1.82
4.52,175.266662597656,1.75,1.57079637050629,0,16.6666660308838,2.15,2.13,4.28,1.82
4.53,175.433334350586,1.75,1.57079637050629,0,16.6666660308838,2.15,2.13,4.28,1.82
4.54,175.600006103516,1.75,1.57079637050629,0,16.6666660308838,2.15,2.13,4.28,1.82
4.55,175.766662597656,1.75,1.57079637050629,0,16.6666660308838,2.15,2.13,4.28,1.82
4.56,175.933334350586,1.75,1.57079637050629,0,16.6666660308838,2.15,2.13,4.28,1.82
4.57,176.100006103516,1.75,1.57079637050629,0,16.6666660308838,2.15,2.13,4.28,1.82
4.58,176.266662597656,1.75,1.57079637050629,0,16.6666660308838,2.15,2.13,4.28,1.82
4.59,176.433334350586,1.75,1.57079637050629,0,16.6666660308838,2.15,2.13,4.28,1.82
4.6,176.600006103516,1.75,1.57079637050629,0,16.6666660308838,2.15,2.13,4.28,1.82
4.61,176.766662597656,1.75,1.57079637050629,0,16.6666660308838,2.15,2.13,4.28,1.82
4.62,176.933334350586,1.75,1.57079637050629,0,16.6666660308838,2.15,2.13,4.28,1.82
4.63,177.100006103516,1.75,1.57079637050629,0,16.6666660308838,2.15,2.13,4.28,1.82
4.64,177.266662597656,1.75,1.57079637050629,0,16.6666660308838,2.15,2.13,4.28,1.82
4.65,177.433334350586,1.75,1.57079637050629,0,16.6666660308838,2.15,2.13,4.28,1.82
4.66,177.600006103516,1.75,1.57079637050629,0,16.6666660308838,2.15,2.13,4.28,1.82
4.67,177.766662597656,1.75,1.57079637050629,0,16.6666660308838,2.15,2.13,4.28,1.82
4.68,177.933334350586,1.75,1.57079637050629,0,16.6666660308838,2.15,2.13,4.28,1.82
4.69,178.100006103516,1.75,1.57079637050629,0,16.6666660308838,2.15,2.13,4.28,1.82
4.7,178.266662597656,1.75,1.57079637050629,0,16.6666660308838,2.15,2.13,4.28,1.82
4.71,178.433334350586,1.75,1.57079637050629,0,16.6666660308838,2.15,2.13,4.28,1.82
4.72,178.600006103516,1.75,1.57079637050629,0,16.6666660308838,2.15,2.13,4.28,1.82
4.73,178.766662597656,1.75,1.57079637050629,0,16.6666660308838,2.15,2.13,4.28,1.82
4.74,178.933334350586,1.75,1.57079637050629,0,16.6666660308838,2.15,2.13,4.28,1.82
4.75,179.100006103516,1.75,1.57079637050629,0,16.6666660308838,2.15,2.13,4.28,1.82
4.76,179.266662597656,1.75,1.57079637050629,0,16.6666660308838,2.15,2.13,4.28,1.82
4.77,179.433334350586,1.75,1.57079637050629,0,16.6666660308838,2.15,2.13,4.28,1.82
4.78,179.600006103516,1.75,1.57079637050629,0,16.6666660308838,2.15,2.13,4.28,1.82
4.79,179.766662597656,1.75,1.57079637050629,0,16.6666660308838,2.15,2.13,4.28,1.82
4.8,179.933334350586,1.75,1.57079637050629,0,16.6666660308838,2.15,2.13,4.28,1.82
4.81,180.100006103516,1.75,1.57079637050629,0,16.6666660308838,2.15,2.13,4.28,1.82
4.82,180.266662597656,1.75,1.57079637050629,0,16.6666660308838,2.15,2.13,4.28,1.82
4.83,180.433334350586,1.75,1.57079637050629,0,16.6666660308838,2.15,2.13,4.28,1.82
4.84,180.600006103516,1.75,1.57079637050629,0,16.6666660308838,2.15,2.13,4.28,1.82
4.85,180.766662597656,1.75,1.57079637050629,0,16.6666660308838,2.15,2.13,4.28,1.82
4.86,180.933334350586,1.75,1.57079637050629,0,16.6666660308838,2.15,2.13,4.28,1.82
4.87,181.100006103516,1.75,1.57079637050629,0,16.6666660308838,2.15,2.13,4.28,1.82
4.88,181.266662597656,1.75,1.57079637050629,0,16.6666660308838,2.15,2.13,4.28,1.82
4.89,181.433334350586,1.75,1.57079637050629,0,16.6666660308838,2.15,2.13,4.28,1.82
4.9,181.600006103516,1.75,1.57079637050629,0,16.6666660308838,2.15,2.13,4.28,1.82
4.91,181.766662597656,1.75,1.57079637050629,0,16.6666660308838,2.15,2.13,4.28,1.82
4.92,181.933334350586,1.75,1.57079637050629,0,16.6666660308838,2.15,2.13,4.28,1.82
4.93,182.100006103516,1.75,1.57079637050629,0,16.6666660308838,2.15,2.13,4.28,1.82
4.94,182.266662597656,1.75,1.57079637050629,0,16.6666660308838,2.15,2.13,4.28,1.82
4.95,182.433334350586,1.75,1.57079637050629,0,16.6666660308838,2.15,2.13,4.28,1.82
4.96,182.600006103516,1.75,1.57079637050629,0,16.6666660308838,2.15,2.13,4.28,1.82
4.97,182.766662597656,1.75,1.57079637050629,0,16.6666660308838,2.15,2.13,4.28,1.82
4.98,182.933334350586,1.75,1.57079637050629,0,16.6666660308838,2.15,2.13,4.28,1.82
4.99,183.100006103516,1.75,1.57079637050629,0,16.6666660308838,2.15,2.13,4.28,1.82
5,183.266662597656,1.75,1.57079637050629,4.44089209850063e-14,16.6666660308838,2.15,2.13,4.28,1.82
5.01,183.433334350586,1.75,1.57079637050629,0,16.6666660308838,2.15,2.13,4.28,1.82
5.02,183.600006103516,1.75,1.57079637050629,0,16.6666660308838,2.15,2.13,4.28,1.82
5.03,183.766662597656,1.75,1.57079637050629,0,16.6666660308838,2.15,2.13,4.28,1.82
5.04,183.933334350586,1.75,1.57079637050629,0,16.6666660308838,2.15,2.13,4.28,1.82
5.05,184.100006103516,1.75,1.57079637050629,0,16.6666660308838,2.15,2.13,4.28,1.82
5.06,184.266662597656,1.75,1.57079637050629,0,16.6666660308838,2.15,2.13,4.28,1.82
5.07,184.433334350586,1.75,1.57079637050629,0,16.6666660308838,2.15,2.13,4.28,1.82
5.08,184.600006103516,1.75,1.57079637050629,0,16.6666660308838,2.15,2.13,4.28,1.82
5.09,184.766662597656,1.75,1.57079637050629,0,16.6666660308838,2.15,2.13,4.28,1.82
5.1,184.933334350586,1.75,1.57079637050629,0,16.6666660308838,2.15,2.13,4.28,1.82
5.11,185.100006103516,1.75,1.57079637050629,0,16.6666660308838,2.15,2.13,4.28,1.82
5.12,185.266662597656,1.75,1.57079637050629,0,16.6666660308838,2.15,2.13,4.28,1.82
5.13,185.433334350586,1.75,1.57079637050629,0,16.6666660308838,2.15,2.13,4.28,1.82
5.14,185.600006103516,1.75,1.57079637050629,0,16.6666660308838,2.15,2.13,4.28,1.82
5.15,185.766662597656,1.75,1.57079637050629,0,16.6666660308838,2.15,2.13,4.28,1.82
5.16,185.933334350586,1.75,1.57079637050629,0,16.6666660308838,2.15,2.13,4.28,1.82
5.17,186.100006103516,1.75,1.57079637050629,0,16.6666660308838,2.15,2.13,4.28,1.82
5.18,186.266662597656,1.75,1.57079637050629,0,16.6666660308838,2.15,2.13,4.28,1.82
5.19,186.433334350586,1.75,1.57079637050629,0,16.6666660308838,2.15,2.13,4.28,1.82
5.2,186.600006103516,1.75,1.57079637050629,0,16.6666660308838,2.15,2.13,4.28,1.82
5.21,186.766662597656,1.75,1.57079637050629,0,16.6666660308838,2.15,2.13,4.28,1.82
5.22,186.933334350586,1.75,1.57079637050629,4.44089209850063e-14,16.6666660308838,2.15,2.13,4.28,1.82
5.23,187.100006103516,1.75,1.57079637050629,0,16.6666660308838,2.15,2.13,4.28,1.82
5.24,187.266662597656,1.75,1.57079637050629,0,16.6666660308838,2.15,2.13,4.28,1.82
5.25,187.433334350586,1.75,1.57079637050629,0,16.6666660308838,2.15,2.13,4.28,1.82
5.26,187.600006103516,1.75,1.57079637050629,0,16.6666660308838,2.15,2.13,4.28,1.82
5.27,187.766662597656,1.75,1.57079637050629,0,16.6666660308838,2.15,2.13,4.28,1.82
5.28,187.933334350586,1.75,1.57079637050629,0,16.6666660308838,2.15,2.13,4.28,1.82
5.29,188.100006103516,1.75,1.57079637050629,0,16.6666660308838,2.15,2.13,4.28,1.82
5.3,188.266662597656,1.75,1.57079637050629,0,16.6666660308838,2.15,2.13,4.28,1.82
5.31,188.433334350586,1.75,1.57079637050629,0,16.6666660308838,2.15,2.13,4.28,1.82
5.32,188.600006103516,1.75,1.57079637050629,0,16.6666660308838,2.15,2.13,4.28,1.82
5.33,188.766662597656,1.75,1.57079637050629,0,16.6666660308838,2.15,2.13,4.28,1.82
5.34,188.933334350586,1.75,1.57079637050629,0,16.6666660308838,2.15,2.13,4.28,1.82
5.35,189.100006103516,1.75,1.57079637050629,0,16.6666660308838,2.15,2.13,4.28,1.82
5.36,189.266662597656,1.75,1.57079637050629,0,16.6666660308838,2.15,2.13,4.28,1.82
5.37,189.433334350586,1.75,1.57079637050629,0,16.6666660308838,2.15,2.13,4.28,1.82
5.38,189.600006103516,1.75,1.57079637050629,0,16.6666660308838,2.15,2.13,4.28,1.82
5.39,189.766662597656,1.75,1.57079637050629,0,16.6666660308838,2.15,2.13,4.28,1.82
5.4,189.933334350586,1.75,1.57079637050629,0,16.6666660308838,2.15,2.13,4.28,1.82
5.41,190.100006103516,1.75,1.57079637050629,0,16.6666660308838,2.15,2.13,4.28,1.82
5.42,190.266662597656,1.75,1.57079637050629,0,16.6666660308838,2.15,2.13,4.28,1.82
5.43,190.433334350586,1.75,1.57079637050629,0,16.6666660308838,2.15,2.13,4.28,1.82
5.44,190.600006103516,1.75,1.57079637050629,0,16.6666660308838,2.15,2.13,4.28,1.82
5.45,190.766662597656,1.75,1.57079637050629,0,16.6666660308838,2.15,2.13,4.28,1.82
5.46,190.933334350586,1.75,1.57079637050629,0,16.6666660308838,2.15,2.13,4.28,1.82
5.47,191.100006103516,1.75,1.57079637050629,0,16.6666660308838,2.15,2.13,4.28,1.82
5.48,191.266662597656,1.75,1.57079637050629,0,16.6666660308838,2.15,2.13,4.28,1.82
5.49,191.433334350586,1.75,1.57079637050629,0,16.6666660308838,2.15,2.13,4.28,1.82
5.5,191.600006103516,1.75,1.57079637050629,0,16.6666660308838,2.15,2.13,4.28,1.82
5.51,191.766662597656,1.75,1.57079637050629,0,16.6666660308838,2.15,2.13,4.28,1.82
5.52,191.933334350586,1.75,1.57079637050629,0,16.6666660308838,2.15,2.13,4.28,1.82
5.53,192.100006103516,1.75,1.57079637050629,0,16.6666660308838,2.15,2.13,4.28,1.82
5.54,192.266662597656,1.75,1.57079637050629,0,16.6666660308838,2.15,2.13,4.28,1.82
5.55,192.433334350586,1.75,1.57079637050629,0,16.6666660308838,2.15,2.13,4.28,1.82
5.56,192.600006103516,1.75,1.57079637050629,0,16.6666660308838,2.15,2.13,4.28,1.82
5.57,192.766662597656,1.75,1.57079637050629,0,16.6666660308838,2.15,2.13,4.28,1.82
5.58,192.933334350586,1.75,1.57079637050629,0,16.6666660308838,2.15,2.13,4.28,1.82
5.59,193.100006103516,1.75,1.57079637050629,0,16.6666660308838,2.15,2.13,4.28,1.82
5.6,193.266662597656,1.75,1.57079637050629,0,16.6666660308838,2.15,2.13,4.28,1.82
5.61,193.433334350586,1.75,1.57079637050629,0,16.6666660308838,2.15,2.13,4.28,1.82
5.62,193.600006103516,1.75,1.57079637050629,0,16.6666660308838,2.15,2.13,4.28,1.82
5.63,193.766662597656,1.75,1.57079637050629,0,16.6666660308838,2.15,2.13,4.28,1.82
5.64,193.933334350586,1.75,1.57079637050629,0,16.6666660308838,2.15,2.13,4.28,1.82
5.65,194.100006103516,1.75,1.57079637050629,0,16.6666660308838,2.15,2.13,4.28,1.82
5.66,194.266662597656,1.75,1.57079637050629,0,16.6666660308838,2.15,2.13,4.28,1.82
5.67,194.433334350586,1.75,1.57079637050629,0,16.6666660308838,2.15,2.13,4.28,1.82
5.68,194.600006103516,1.75,1.57079637050629,0,16.6666660308838,2.15,2.13,4.28,1.82
5.69,194.766662597656,1.75,1.57079637050629,0,16.6666660308838,2.15,2.13,4.28,1.82
5.7,194.933334350586,1.75,1.57079637050629,0,16.6666660308838,2.15,2.13,4.28,1.82
5.71,195.100006103516,1.75,1.57079637050629,0,16.6666660308838,2.15,2.13,4.28,1.82
5.72,195.266662597656,1.75,1.57079637050629,0,16.6666660308838,2.15,2.13,4.28,1.82
5.73,195.433334350586,1.75,1.57079637050629,0,16.6666660308838,2.15,2.13,4.28,1.82
5.74,195.600006103516,1.75,1.57079637050629,0,16.6666660308838,2.15,2.13,4.28,1.82
5.75,195.766662597656,1.75,1.57079637050629,0,16.6666660308838,2.15,2.13,4.28,1.82
5.76,195.933334350586,1.75,1.57079637050629,0,16.6666660308838,2.15,2.13,4.28,1.82
5.77,196.100006103516,1.75,1.57079637050629,0,16.6666660308838,2.15,2.13,4.28,1.82
5.78,196.266662597656,1.75,1.57079637050629,0,16.6666660308838,2.15,2.13,4.28,1.82
5.79,196.433334350586,1.75,1.57079637050629,0,16.6666660308838,2.15,2.13,4.28,1.82
5.8,196.600006103516,1.75,1.57079637050629,0,16.6666660308838,2.15,2.13,4.28,1.82
5.81,196.766662597656,1.75,1.57079637050629,0,16.6666660308838,2.15,2.13,4.28,1.82
5.82,196.933334350586,1.75,1.57079637050629,0,16.6666660308838,2.15,2.13,4.28,1.82
5.83,197.100006103516,1.75,1.57079637050629,0,16.6666660308838,2.15,2.13,4.28,1.82
5.84,197.266662597656,1.75,1.57079637050629,0,16.6666660308838,2.15,2.13,4.28,1.82
5.85,197.433334350586,1.75,1.57079637050629,0,16.6666660308838,2.15,2.13,4.28,1.82
5.86,197.600006103516,1.75,1.57079637050629,0,16.6666660308838,2.15,2.13,4.28,1.82
5.87,197.766662597656,1.75,1.57079637050629,0,16.6666660308838,2.15,2.13,4.28,1.82
5.88,197.933334350586,1.75,1.57079637050629,0,16.6666660308838,2.15,2.13,4.28,1.82
5.89,198.100006103516,1.75,1.57079637050629,0,16.6666660308838,2.15,2.13,4.28,1.82
5.9,198.266662597656,1.75,1.57079637050629,0,16.6666660308838,2.15,2.13,4.28,1.82
5.91,198.433334350586,1.75,1.57079637050629,0,16.6666660308838,2.15,2.13,4.28,1.82
5.92,198.600006103516,1.75,1.57079637050629,0,16.6666660308838,2.15,2.13,4.28,1.82
5.93,198.766662597656,1.75,1.57079637050629,0,16.6666660308838,2.15,2.13,4.28,1.82
5.94,198.933334350586,1.75,1.57079637050629,0,16.6666660308838,2.15,2.13,4.28,1.82
5.95,199.100006103516,1.75,1.57079637050629,0,16.6666660308838,2.15,2.13,4.28,1.82
5.96,199.266662597656,1.75,1.57079637050629,0,16.6666660308838,2.15,2.13,4.28,1.82
5.97,199.433334350586,1.75,1.57079637050629,0,16.6666660308838,2.15,2.13,4.28,1.82
5.98,199.600006103516,1.75,1.57079637050629,0,16.6666660308838,2.15,2.13,4.28,1.82
5.99,199.766662597656,1.75,1.57079637050629,0,16.6666660308838,2.15,2.13,4.28,1.82
6,199.933334350586,1.75,1.57079637050629,0,16.6666660308838,2.15,2.13,4.28,1.82
6.01,200.100006103516,1.75,1.57079637050629,0,16.6666660308838,2.15,2.13,4.28,1.82
6.02,200.266662597656,1.75,1.57079637050629,0,16.6666660308838,2.15,2.13,4.28,1.82
6.03,200.433334350586,1.75,1.57079637050629,0,16.6666660308838,2.15,2.13,4.28,1.82
6.04,200.600006103516,1.75,1.57079637050629,0,16.6666660308838,2.15,2.13,4.28,1.82
6.05,200.766662597656,1.75,1.57079637050629,0,16.6666660308838,2.15,2.13,4.28,1.82
6.06,200.933334350586,1.75,1.57079637050629,0,16.6666660308838,2.15,2.13,4.28,1.82
6.07,201.100006103516,1.75,1.57079637050629,0,16.6666660308838,2.15,2.13,4.28,1.82
6.08,201.266662597656,1.75,1.57079637050629,0,16.6666660308838,2.15,2.13,4.28,1.82
6.09,201.433334350586,1.75,1.57079637050629,4.44089209850063e-14,16.6666660308838,2.15,2.13,4.28,1.82
6.1,201.600006103516,1.75,1.57079637050629,0,16.6666660308838,2.15,2.13,4.28,1.82
6.11,201.766662597656,1.75,1.57079637050629,0,16.6666660308838,2.15,2.13,4.28,1.82
6.12,201.933334350586,1.75,1.57079637050629,0,16.6666660308838,2.15,2.13,4.28,1.82
6.13,202.100006103516,1.75,1.57079637050629,0,16.6666660308838,2.15,2.13,4.28,1.82
6.14,202.266662597656,1.75,1.57079637050629,0,16.6666660308838,2.15,2.13,4.28,1.82
6.15,202.433334350586,1.75,1.57079637050629,0,16.6666660308838,2.15,2.13,4.28,1.82
6.16,202.600006103516,1.75,1.57079637050629,0,16.6666660308838,2.15,2.13,4.28,1.82
6.17,202.766662597656,1.75,1.57079637050629,0,16.6666660308838,2.15,2.13,4.28,1.82
6.18,202.933334350586,1.75,1.57079637050629,0,16.6666660308838,2.15,2.13,4.28,1.82
6.19,203.100006103516,1.75,1.57079637050629,0,16.6666660308838,2.15,2.13,4.28,1.82
6.2,203.266662597656,1.75,1.57079637050629,0,16.6666660308838,2.15,2.13,4.28,1.82
6.21,203.433334350586,1.75,1.57079637050629,0,16.6666660308838,2.15,2.13,4.28,1.82
6.22,203.600006103516,1.75,1.57079637050629,0,16.6666660308838,2.15,2.13,4.28,1.82
6.23,203.766662597656,1.75,1.57079637050629,0,16.6666660308838,2.15,2.13,4.28,1.82
6.24,203.933334350586,1.75,1.57079637050629,0,16.6666660308838,2.15,2.13,4.28,1.82
6.25,204.100006103516,1.75,1.57079637050629,0,16.6666660308838,2.15,2.13,4.28,1.82
6.26,204.266662597656,1.75,1.57079637050629,0,16.6666660308838,2.15,2.13,4.28,1.82
6.27,204.433334350586,1.75,1.57079637050629,0,16.6666660308838,2.15,2.13,4.28,1.82
6.28,204.600006103516,1.75,1.57079637050629,0,16.6666660308838,2.15,2.13,4.28,1.82
6.29,204.766662597656,1.75,1.57079637050629,0,16.6666660308838,2.15,2.13,4.28,1.82
6.3,204.933334350586,1.75,1.57079637050629,0,16.6666660308838,2.15,2.13,4.28,1.82
6.31,205.100006103516,1.75,1.57079637050629,4.44089209850063e-14,16.6666660308838,2.15,2.13,4.28,1.82
6.32,205.266662597656,1.75,1.57079637050629,0,16.6666660308838,2.15,2.13,4.28,1.82
6.33,205.433334350586,1.75,1.57079637050629,0,16.6666660308838,2.15,2.13,4.28,1.82
6.34,205.600006103516,1.75,1.57079637050629,0,16.6666660308838,2.15,2.13,4.28,1.82
6.35,205.766662597656,1.75,1.57079637050629,0,16.6666660308838,2.15,2.13,4.28,1.82
6.36,205.933334350586,1.75,1.57079637050629,0,16.6666660308838,2.15,2.13,4.28,1.82
6.37,206.100006103516,1.75,1.57079637050629,0,16.6666660308838,2.15,2.13,4.28,1.82
6.38,206.266662597656,1.75,1.57079637050629,0,16.6666660308838,2.15,2.13,4.28,1.82
6.39,206.433334350586,1.75,1.57079637050629,0,16.6666660308838,2.15,2.13,4.28,1.82
6.4,206.600006103516,1.75,1.57079637050629,0,16.6666660308838,2.15,2.13,4.28,1.82
6.41,206.766662597656,1.75,1.57079637050629,0,16.6666660308838,2.15,2.13,4.28,1.82
6.42,206.933334350586,1.75,1.57079637050629,0,16.6666660308838,2.15,2.13,4.28,1.82
6.43,207.100006103516,1.75,1.57079637050629,0,16.6666660308838,2.15,2.13,4.28,1.82
6.44,207.266662597656,1.75,1.57079637050629,0,16.6666660308838,2.15,2.13,4.28,1.82
6.45,207.433334350586,1.75,1.57079637050629,0,16.6666660308838,2.15,2.13,4.28,1.82
6.46,207.600006103516,1.75,1.57079637050629,0,16.6666660308838,2.15,2.13,4.28,1.82
6.47,207.766662597656,1.75,1.57079637050629,0,16.6666660308838,2.15,2.13,4.28,1.82
6.48,207.933334350586,1.75,1.57079637050629,0,16.6666660308838,2.15,2.13,4.28,1.82
6.49,208.100006103516,1.75,1.57079637050629,0,16.6666660308838,2.15,2.13,4.28,1.82
6.5,208.266662597656,1.75,1.57079637050629,0,16.6666660308838,2.15,2.13,4.28,1.82
6.51,208.433334350586,1.75,1.57079637050629,0,16.6666660308838,2.15,2.13,4.28,1.82
6.52,208.600006103516,1.75,1.57079637050629,0,16.6666660308838,2.15,2.13,4.28,1.82
6.53,208.766662597656,1.75,1.57079637050629,0,16.6666660308838,2.15,2.13,4.28,1.82
6.54,208.933334350586,1.75,1.57079637050629,0,16.6666660308838,2.15,2.13,4.28,1.82
6.55,209.100006103516,1.75,1.57079637050629,0,16.6666660308838,2.15,2.13,4.28,1.82
6.56,209.266662597656,1.75,1.57079637050629,0,16.6666660308838,2.15,2.13,4.28,1.82
6.57,209.433334350586,1.75,1.57079637050629,0,16.6666660308838,2.15,2.13,4.28,1.82
6.58,209.600006103516,1.75,1.57079637050629,0,16.6666660308838,2.15,2.13,4.28,1.82
6.59,209.766662597656,1.75,1.57079637050629,0,16.6666660308838,2.15,2.13,4.28,1.82
6.6,209.933334350586,1.75,1.57079637050629,0,16.6666660308838,2.15,2.13,4.28,1.82
6.61,210.100006103516,1.75,1.57079637050629,0,16.6666660308838,2.15,2.13,4.28,1.82
6.62,210.266662597656,1.75,1.57079637050629,0,16.6666660308838,2.15,2.13,4.28,1.82
6.63,210.433334350586,1.75,1.57079637050629,0,16.6666660308838,2.15,2.13,4.28,1.82
6.64,210.600006103516,1.75,1.57079637050629,0,16.6666660308838,2.15,2.13,4.28,1.82
6.65,210.766662597656,1.75,1.57079637050629,0,16.6666660308838,2.15,2.13,4.28,1.82
6.66,210.933334350586,1.75,1.57079637050629,0,16.6666660308838,2.15,2.13,4.28,1.82
6.67,211.100006103516,1.75,1.57079637050629,0,16.6666660308838,2.15,2.13,4.28,1.82
6.68,211.266662597656,1.75,1.57079637050629,0,16.6666660308838,2.15,2.13,4.28,1.82
6.69,211.433334350586,1.75,1.57079637050629,0,16.6666660308838,2.15,2.13,4.28,1.82
6.7,211.600006103516,1.75,1.57079637050629,0,16.6666660308838,2.15,2.13,4.28,1.82
6.71,211.766662597656,1.75,1.57079637050629,0,16.6666660308838,2.15,2.13,4.28,1.82
6.72,211.933334350586,1.75,1.57079637050629,0,16.6666660308838,2.15,2.13,4.28,1.82
6.73,212.100006103516,1.75,1.57079637050629,0,16.6666660308838,2.15,2.13,4.28,1.82
6.74,212.266662597656,1.75,1.57079637050629,0,16.6666660308838,2.15,2.13,4.28,1.82
6.75,212.433334350586,1.75,1.57079637050629,0,16.6666660308838,2.15,2.13,4.28,1.82
6.76,212.600006103516,1.75,1.57079637050629,0,16.6666660308838,2.15,2.13,4.28,1.82
6.77,212.766662597656,1.75,1.57079637050629,0,16.6666660308838,2.15,2.13,4.28,1.82
6.78,212.933334350586,1.75,1.57079637050629,0,16.6666660308838,2.15,2.13,4.28,1.82
6.79,213.100006103516,1.75,1.57079637050629,0,16.6666660308838,2.15,2.13,4.28,1.82
6.8,213.266662597656,1.75,1.57079637050629,0,16.6666660308838,2.15,2.13,4.28,1.82
6.81,213.433334350586,1.75,1.57079637050629,0,16.6666660308838,2.15,2.13,4.28,1.82
6.82,213.600006103516,1.75,1.57079637050629,0,16.6666660308838,2.15,2.13,4.28,1.82
6.83,213.766662597656,1.75,1.57079637050629,0,16.6666660308838,2.15,2.13,4.28,1.82
6.84,213.933334350586,1.75,1.57079637050629,0,16.6666660308838,2.15,2.13,4.28,1.82
6.85,214.100006103516,1.75,1.57079637050629,0,16.6666660308838,2.15,2.13,4.28,1.82
6.86,214.266662597656,1.75,1.57079637050629,0,16.6666660308838,2.15,2.13,4.28,1.82
6.87,214.433334350586,1.75,1.57079637050629,0,16.6666660308838,2.15,2.13,4.28,1.82
6.88,214.600006103516,1.75,1.57079637050629,0,16.6666660308838,2.15,2.13,4.28,1.82
6.89,214.766662597656,1.75,1.57079637050629,0,16.6666660308838,2.15,2.13,4.28,1.82
6.9,214.933334350586,1.75,1.57079637050629,0,16.6666660308838,2.15,2.13,4.28,1.82
6.91,215.100006103516,1.75,1.57079637050629,0,16.6666660308838,2.15,2.13,4.28,1.82
6.92,215.266662597656,1.75,1.57079637050629,0,16.6666660308838,2.15,2.13,4.28,1.82
6.93,215.433334350586,1.75,1.57079637050629,0,16.6666660308838,2.15,2.13,4.28,1.82
6.94,215.600006103516,1.75,1.57079637050629,0,16.6666660308838,2.15,2.13,4.28,1.82
6.95,215.766662597656,1.75,1.57079637050629,0,16.6666660308838,2.15,2.13,4.28,1.82
6.96,215.933334350586,1.75,1.57079637050629,4.44089209850063e-14,16.6666660308838,2.15,2.13,4.28,1.82
6.97,216.100006103516,1.75,1.57079637050629,0,16.6666660308838,2.15,2.13,4.28,1.82
6.98,216.266662597656,1.75,1.57079637050629,0,16.6666660308838,2.15,2.13,4.28,1.82
6.99,216.433334350586,1.75,1.57079637050629,0,16.6666660308838,2.15,2.13,4.28,1.82
7,216.600006103516,1.75,1.57079637050629,0,16.6666660308838,2.15,2.13,4.28,1.82
7.01,216.766662597656,1.75,1.57079637050629,0,16.6666660308838,2.15,2.13,4.28,1.82
7.02,216.933334350586,1.75,1.57079637050629,0,16.6666660308838,2.15,2.13,4.28,1.82
7.03,217.100006103516,1.75,1.57079637050629,0,16.6666660308838,2.15,2.13,4.28,1.82
7.04,217.266662597656,1.75,1.57079637050629,0,16.6666660308838,2.15,2.13,4.28,1.82
7.05,217.433334350586,1.75,1.57079637050629,0,16.6666660308838,2.15,2.13,4.28,1.82
7.06,217.600006103516,1.75,1.57079637050629,0,16.6666660308838,2.15,2.13,4.28,1.82
7.07,217.766662597656,1.75,1.57079637050629,0,16.6666660308838,2.15,2.13,4.28,1.82
7.08,217.933334350586,1.75,1.57079637050629,0,16.6666660308838,2.15,2.13,4.28,1.82
7.09,218.100006103516,1.75,1.57079637050629,0,16.6666660308838,2.15,2.13,4.28,1.82
7.1,218.266662597656,1.75,1.57079637050629,0,16.6666660308838,2.15,2.13,4.28,1.82
7.11,218.433334350586,1.75,1.57079637050629,0,16.6666660308838,2.15,2.13,4.28,1.82
7.12,218.600006103516,1.75,1.57079637050629,0,16.6666660308838,2.15,2.13,4.28,1.82
7.13,218.766662597656,1.75,1.57079637050629,0,16.6666660308838,2.15,2.13,4.28,1.82
7.14,218.933334350586,1.75,1.57079637050629,0,16.6666660308838,2.15,2.13,4.28,1.82
7.15,219.100006103516,1.75,1.57079637050629,0,16.6666660308838,2.15,2.13,4.28,1.82
7.16,219.266662597656,1.75,1.57079637050629,0,16.6666660308838,2.15,2.13,4.28,1.82
7.17,219.433334350586,1.75,1.57079637050629,0,16.6666660308838,2.15,2.13,4.28,1.82
7.18,219.600006103516,1.75,1.57079637050629,4.44089209850063e-14,16.6666660308838,2.15,2.13,4.28,1.82
7.19,219.766662597656,1.75,1.57079637050629,0,16.6666660308838,2.15,2.13,4.28,1.82
7.2,219.933334350586,1.75,1.57079637050629,0,16.6666660308838,2.15,2.13,4.28,1.82
7.21,220.100006103516,1.75,1.57079637050629,0,16.6666660308838,2.15,2.13,4.28,1.82
7.22,220.266662597656,1.75,1.57079637050629,0,16.6666660308838,2.15,2.13,4.28,1.82
7.23,220.433334350586,1.75,1.57079637050629,0,16.6666660308838,2.15,2.13,4.28,1.82
7.24,220.600006103516,1.75,1.57079637050629,0,16.6666660308838,2.15,2.13,4.28,1.82
7.25,220.766662597656,1.75,1.57079637050629,0,16.6666660308838,2.15,2.13,4.28,1.82
7.26,220.933334350586,1.75,1.57079637050629,0,16.6666660308838,2.15,2.13,4.28,1.82
7.27,221.100006103516,1.75,1.57079637050629,0,16.6666660308838,2.15,2.13,4.28,1.82
7.28,221.266662597656,1.75,1.57079637050629,0,16.6666660308838,2.15,2.13,4.28,1.82
7.29,221.433334350586,1.75,1.57079637050629,0,16.6666660308838,2.15,2.13,4.28,1.82
7.3,221.600006103516,1.75,1.57079637050629,0,16.6666660308838,2.15,2.13,4.28,1.82
7.31,221.766662597656,1.75,1.57079637050629,0,16.6666660308838,2.15,2.13,4.28,1.82
7.32,221.933334350586,1.75,1.57079637050629,0,16.6666660308838,2.15,2.13,4.28,1.82
7.33,222.100006103516,1.75,1.57079637050629,0,16.6666660308838,2.15,2.13,4.28,1.82
7.34,222.266662597656,1.75,1.57079637050629,0,16.6666660308838,2.15,2.13,4.28,1.82
7.35,222.433334350586,1.75,1.57079637050629,0,16.6666660308838,2.15,2.13,4.28,1.82
7.36,222.600006103516,1.75,1.57079637050629,0,16.6666660308838,2.15,2.13,4.28,1.82
7.37,222.766662597656,1.75,1.57079637050629,0,16.6666660308838,2.15,2.13,4.28,1.82
7.38,222.933334350586,1.75,1.57079637050629,0,16.6666660308838,2.15,2.13,4.28,1.82
7.39,223.100006103516,1.75,1.57079637050629,0,16.6666660308838,2.15,2.13,4.28,1.82
7.4,223.266662597656,1.75,1.57079637050629,0,16.6666660308838,2.15,2.13,4.28,1.82
7.41,223.433334350586,1.75,1.57079637050629,0,16.6666660308838,2.15,2.13,4.28,1.82
7.42,223.600006103516,1.75,1.57079637050629,0,16.6666660308838,2.15,2.13,4.28,1.82
7.43,223.766662597656,1.75,1.57079637050629,0,16.6666660308838,2.15,2.13,4.28,1.82
7.44,223.933334350586,1.75,1.57079637050629,0,16.6666660308838,2.15,2.13,4.28,1.82
7.45,224.100006103516,1.75,1.57079637050629,0,16.6666660308838,2.15,2.13,4.28,1.82
7.46,224.266662597656,1.75,1.57079637050629,0,16.6666660308838,2.15,2.13,4.28,1.82
7.47,224.433334350586,1.75,1.57079637050629,0,16.6666660308838,2.15,2.13,4.28,1.82
7.48,224.600006103516,1.75,1.57079637050629,0,16.6666660308838,2.15,2.13,4.28,1.82
7.49,224.766662597656,1.75,1.57079637050629,0,16.6666660308838,2.15,2.13,4.28,1.82
7.5,224.933334350586,1.75,1.57079637050629,0,16.6666660308838,2.15,2.13,4.28,1.82
7.51,225.100006103516,1.75,1.57079637050629,0,16.6666660308838,2.15,2.13,4.28,1.82
7.52,225.266662597656,1.75,1.57079637050629,0,16.6666660308838,2.15,2.13,4.28,1.82
7.53,225.433334350586,1.75,1.57079637050629,0,16.6666660308838,2.15,2.13,4.28,1.82
7.54,225.600006103516,1.75,1.57079637050629,0,16.6666660308838,2.15,2.13,4.28,1.82
7.55,225.766662597656,1.75,1.57079637050629,0,16.6666660308838,2.15,2.13,4.28,1.82
7.56,225.933334350586,1.75,1.57079637050629,0,16.6666660308838,2.15,2.13,4.28,1.82
7.57,226.100006103516,1.75,1.57079637050629,0,16.6666660308838,2.15,2.13,4.28,1.82
7.58,226.266662597656,1.75,1.57079637050629,0,16.6666660308838,2.15,2.13,4.28,1.82
7.59,226.433334350586,1.75,1.57079637050629,0,16.6666660308838,2.15,2.13,4.28,1.82
7.6,226.600006103516,1.75,1.57079637050629,0,16.6666660308838,2.15,2.13,4.28,1.82
7.61,226.766662597656,1.75,1.57079637050629,0,16.6666660308838,2.15,2.13,4.28,1.82
7.62,226.933334350586,1.75,1.57079637050629,0,16.6666660308838,2.15,2.13,4.28,1.82
7.63,227.100006103516,1.75,1.57079637050629,0,16.6666660308838,2.15,2.13,4.28,1.82
7.64,227.266662597656,1.75,1.57079637050629,0,16.6666660308838,2.15,2.13,4.28,1.82
7.65,227.433334350586,1.75,1.57079637050629,0,16.6666660308838,2.15,2.13,4.28,1.82
7.66,227.600006103516,1.75,1.57079637050629,0,16.6666660308838,2.15,2.13,4.28,1.82
7.67,227.766662597656,1.75,1.57079637050629,0,16.6666660308838,2.15,2.13,4.28,1.82
7.68,227.933334350586,1.75,1.57079637050629,0,16.6666660308838,2.15,2.13,4.28,1.82
7.69,228.100006103516,1.75,1.57079637050629,0,16.6666660308838,2.15,2.13,4.28,1.82
7.7,228.266662597656,1.75,1.57079637050629,0,16.6666660308838,2.15,2.13,4.28,1.82
7.71,228.433334350586,1.75,1.57079637050629,0,16.6666660308838,2.15,2.13,4.28,1.82
7.72,228.600006103516,1.75,1.57079637050629,0,16.6666660308838,2.15,2.13,4.28,1.82
7.73,228.766662597656,1.75,1.57079637050629,0,16.6666660308838,2.15,2.13,4.28,1.82
7.74,228.933334350586,1.75,1.57079637050629,0,16.6666660308838,2.15,2.13,4.28,1.82
7.75,229.100006103516,1.75,1.57079637050629,0,16.6666660308838,2.15,2.13,4.28,1.82
7.76,229.266662597656,1.75,1.57079637050629,0,16.6666660308838,2.15,2.13,4.28,1.82
7.77,229.433334350586,1.75,1.57079637050629,0,16.6666660308838,2.15,2.13,4.28,1.82
7.78,229.600006103516,1.75,1.57079637050629,0,16.6666660308838,2.15,2.13,4.28,1.82
7.79,229.766662597656,1.75,1.57079637050629,0,16.6666660308838,2.15,2.13,4.28,1.82
7.8,229.933334350586,1.75,1.57079637050629,0,16.6666660308838,2.15,2.13,4.28,1.82
7.81,230.100006103516,1.75,1.57079637050629,0,16.6666660308838,2.15,2.13,4.28,1.82
7.82,230.266662597656,1.75,1.57079637050629,0,16.6666660308838,2.15,2.13,4.28,1.82
7.83,230.433334350586,1.75,1.57079637050629,4.44089209850063e-14,16.6666660308838,2.15,2.13,4.28,1.82
7.84,230.600006103516,1.75,1.57079637050629,0,16.6666660308838,2.15,2.13,4.28,1.82
7.85,230.766662597656,1.75,1.57079637050629,0,16.6666660308838,2.15,2.13,4.28,1.82
7.86,230.933334350586,1.75,1.57079637050629,0,16.6666660308838,2.15,2.13,4.28,1.82
7.87,231.100006103516,1.75,1.57079637050629,0,16.6666660308838,2.15,2.13,4.28,1.82
7.88,231.266662597656,1.75,1.57079637050629,0,16.6666660308838,2.15,2.13,4.28,1.82
7.89,231.433334350586,1.75,1.57079637050629,0,16.6666660308838,2.15,2.13,4.28,1.82
7.9,231.600006103516,1.75,1.57079637050629,0,16.6666660308838,2.15,2.13,4.28,1.82
7.91,231.766662597656,1.75,1.57079637050629,0,16.6666660308838,2.15,2.13,4.28,1.82
7.92,231.933334350586,1.75,1.57079637050629,0,16.6666660308838,2.15,2.13,4.28,1.82
7.93,232.100006103516,1.75,1.57079637050629,0,16.6666660308838,2.15,2.13,4.28,1.82
7.94,232.266662597656,1.75,1.57079637050629,0,16.6666660308838,2.15,2.13,4.28,1.82
7.95,232.433334350586,1.75,1.57079637050629,0,16.6666660308838,2.15,2.13,4.28,1.82
7.96,232.600006103516,1.75,1.57079637050629,0,16.6666660308838,2.15,2.13,4.28,1.82
7.97,232.766662597656,1.75,1.57079637050629,0,16.6666660308838,2.15,2.13,4.28,1.82
7.98,232.933334350586,1.75,1.57079637050629,0,16.6666660308838,2.15,2.13,4.28,1.82
7.99,233.100006103516,1.75,1.57079637050629,0,16.6666660308838,2.15,2.13,4.28,1.82
8,233.266662597656,1.75,1.57079637050629,0,16.6666660308838,2.15,2.13,4.28,1.82
8.01,233.433334350586,1.75,1.57079637050629,0,16.6666660308838,2.15,2.13,4.28,1.82
8.02,233.600006103516,1.75,1.57079637050629,0,16.6666660308838,2.15,2.13,4.28,1.82
8.03,233.766662597656,1.75,1.57079637050629,0,16.6666660308838,2.15,2.13,4.28,1.82
8.04,233.933334350586,1.75,1.57079637050629,0,16.6666660308838,2.15,2.13,4.28,1.82
8.05,234.100006103516,1.75,1.57079637050629,4.44089209850063e-14,16.6666660308838,2.15,2.13,4.28,1.82
8.06,234.266662597656,1.75,1.57079637050629,0,16.6666660308838,2.15,2.13,4.28,1.82
8.07,234.433334350586,1.75,1.57079637050629,0,16.6666660308838,2.15,2.13,4.28,1.82
8.08,234.600006103516,1.75,1.57079637050629,0,16.6666660308838,2.15,2.13,4.28,1.82
8.09,234.766662597656,1.75,1.57079637050629,0,16.6666660308838,2.15,2.13,4.28,1.82
8.1,234.933334350586,1.75,1.57079637050629,0,16.6666660308838,2.15,2.13,4.28,1.82
8.11,235.100006103516,1.75,1.57079637050629,0,16.6666660308838,2.15,2.13,4.28,1.82
8.12,235.266662597656,1.75,1.57079637050629,0,16.6666660308838,2.15,2.13,4.28,1.82
8.13,235.433334350586,1.75,1.57079637050629,0,16.6666660308838,2.15,2.13,4.28,1.82
8.14,235.600006103516,1.75,1.57079637050629,0,16.6666660308838,2.15,2.13,4.28,1.82
8.15,235.766662597656,1.75,1.57079637050629,0,16.6666660308838,2.15,2.13,4.28,1.82
8.16,235.933334350586,1.75,1.57079637050629,0,16.6666660308838,2.15,2.13,4.28,1.82
8.17,236.100006103516,1.75,1.57079637050629,0,16.6666660308838,2.15,2.13,4.28,1.82
8.18,236.266662597656,1.75,1.57079637050629,0,16.6666660308838,2.15,2.13,4.28,1.82
8.19,236.433334350586,1.75,1.57079637050629,0,16.6666660308838,2.15,2.13,4.28,1.82
8.2,236.600006103516,1.75,1.57079637050629,0,16.6666660308838,2.15,2.13,4.28,1.82
8.21,236.766662597656,1.75,1.57079637050629,0,16.6666660308838,2.15,2.13,4.28,1.82
8.22,236.933334350586,1.75,1.57079637050629,0,16.6666660308838,2.15,2.13,4.28,1.82
8.23,237.100006103516,1.75,1.57079637050629,0,16.6666660308838,2.15,2.13,4.28,1.82
8.24,237.266662597656,1.75,1.57079637050629,0,16.6666660308838,2.15,2.13,4.28,1.82
8.25,237.433334350586,1.75,1.57079637050629,0,16.6666660308838,2.15,2.13,4.28,1.82
8.26,237.600006103516,1.75,1.57079637050629,0,16.6666660308838,2.15,2.13,4.28,1.82
8.27,237.766662597656,1.75,1.57079637050629,0,16.6666660308838,2.15,2.13,4.28,1.82
8.28,237.933334350586,1.75,1.57079637050629,0,16.6666660308838,2.15,2.13,4.28,1.82
8.29,238.100006103516,1.75,1.57079637050629,0,16.6666660308838,2.15,2.13,4.28,1.82
8.3,238.266662597656,1.75,1.57079637050629,0,16.6666660308838,2.15,2.13,4.28,1.82
8.31,238.433334350586,1.75,1.57079637050629,0,16.6666660308838,2.15,2.13,4.28,1.82
8.32,238.600006103516,1.75,1.57079637050629,0,16.6666660308838,2.15,2.13,4.28,1.82
8.33,238.766662597656,1.75,1.57079637050629,0,16.6666660308838,2.15,2.13,4.28,1.82
8.34,238.933334350586,1.75,1.57079637050629,0,16.6666660308838,2.15,2.13,4.28,1.82
8.35,239.100006103516,1.75,1.57079637050629,0,16.6666660308838,2.15,2.13,4.28,1.82
8.36,239.266662597656,1.75,1.57079637050629,0,16.6666660308838,2.15,2.13,4.28,1.82
8.37,239.433334350586,1.75,1.57079637050629,0,16.6666660308838,2.15,2.13,4.28,1.82
8.38,239.600006103516,1.75,1.57079637050629,0,16.6666660308838,2.15,2.13,4.28,1.82
8.39,239.766662597656,1.75,1.57079637050629,0,16.6666660308838,2.15,2.13,4.28,1.82
8.4,239.933334350586,1.75,1.57079637050629,0,16.6666660308838,2.15,2.13,4.28,1.82
8.41,240.100006103516,1.75,1.57079637050629,0,16.6666660308838,2.15,2.13,4.28,1.82
8.42,240.266662597656,1.75,1.57079637050629,0,16.6666660308838,2.15,2.13,4.28,1.82
8.43,240.433334350586,1.75,1.57079637050629,0,16.6666660308838,2.15,2.13,4.28,1.82
8.44,240.600006103516,1.75,1.57079637050629,0,16.6666660308838,2.15,2.13,4.28,1.82
8.45,240.766662597656,1.75,1.57079637050629,0,16.6666660308838,2.15,2.13,4.28,1.82
8.46,240.933334350586,1.75,1.57079637050629,0,16.6666660308838,2.15,2.13,4.28,1.82
8.47,241.100006103516,1.75,1.57079637050629,0,16.6666660308838,2.15,2.13,4.28,1.82
8.48,241.266662597656,1.75,1.57079637050629,0,16.6666660308838,2.15,2.13,4.28,1.82
8.49,241.433334350586,1.75,1.57079637050629,0,16.6666660308838,2.15,2.13,4.28,1.82
8.5,241.600006103516,1.75,1.57079637050629,0,16.6666660308838,2.15,2.13,4.28,1.82
8.51,241.766662597656,1.75,1.57079637050629,0,16.6666660308838,2.15,2.13,4.28,1.82
8.52,241.933334350586,1.75,1.57079637050629,0,16.6666660308838,2.15,2.13,4.28,1.82
8.53,242.100006103516,1.75,1.57079637050629,0,16.6666660308838,2.15,2.13,4.28,1.82
8.54,242.266662597656,1.75,1.57079637050629,0,16.6666660308838,2.15,2.13,4.28,1.82
8.55,242.433334350586,1.75,1.57079637050629,0,16.6666660308838,2.15,2.13,4.28,1.82
8.56,242.600006103516,1.75,1.57079637050629,0,16.6666660308838,2.15,2.13,4.28,1.82
8.57,242.766662597656,1.75,1.57079637050629,0,16.6666660308838,2.15,2.13,4.28,1.82
8.58,242.933334350586,1.75,1.57079637050629,0,16.6666660308838,2.15,2.13,4.28,1.82
8.59,243.100006103516,1.75,1.57079637050629,0,16.6666660308838,2.15,2.13,4.28,1.82
8.6,243.266662597656,1.75,1.57079637050629,0,16.6666660308838,2.15,2.13,4.28,1.82
8.61,243.433334350586,1.75,1.57079637050629,0,16.6666660308838,2.15,2.13,4.28,1.82
8.62,243.600006103516,1.75,1.57079637050629,0,16.6666660308838,2.15,2.13,4.28,1.82
8.63,243.766662597656,1.75,1.57079637050629,0,16.6666660308838,2.15,2.13,4.28,1.82
8.64,243.933334350586,1.75,1.57079637050629,0,16.6666660308838,2.15,2.13,4.28,1.82
8.65,244.100006103516,1.75,1.57079637050629,0,16.6666660308838,2.15,2.13,4.28,1.82
8.66,244.266662597656,1.75,1.57079637050629,0,16.6666660308838,2.15,2.13,4.28,1.82
8.67,244.433334350586,1.75,1.57079637050629,0,16.6666660308838,2.15,2.13,4.28,1.82
8.68,244.600006103516,1.75,1.57079637050629,0,16.6666660308838,2.15,2.13,4.28,1.82
8.69,244.766662597656,1.75,1.57079637050629,0,16.6666660308838,2.15,2.13,4.28,1.82
8.7,244.933334350586,1.75,1.57079637050629,4.44089209850063e-14,16.6666660308838,2.15,2.13,4.28,1.82
8.71,245.100006103516,1.75,1.57079637050629,0,16.6666660308838,2.15,2.13,4.28,1.82
8.72,245.266662597656,1.75,1.57079637050629,0,16.6666660308838,2.15,2.13,4.28,1.82
8.73,245.433334350586,1.75,1.57079637050629,0,16.6666660308838,2.15,2.13,4.28,1.82
8.74,245.600006103516,1.75,1.57079637050629,0,16.6666660308838,2.15,2.13,4.28,1.82
8.75,245.766662597656,1.75,1.57079637050629,0,16.6666660308838,2.15,2.13,4.28,1.82
8.76,245.933334350586,1.75,1.57079637050629,0,16.6666660308838,2.15,2.13,4.28,1.82
8.77,246.100006103516,1.75,1.57079637050629,0,16.6666660308838,2.15,2.13,4.28,1.82
8.78,246.266662597656,1.75,1.57079637050629,0,16.6666660308838,2.15,2.13,4.28,1.82
8.79,246.433334350586,1.75,1.57079637050629,0,16.6666660308838,2.15,2.13,4.28,1.82
8.8,246.600006103516,1.75,1.57079637050629,0,16.6666660308838,2.15,2.13,4.28,1.82
8.81,246.766662597656,1.75,1.57079637050629,0,16.6666660308838,2.15,2.13,4.28,1.82
8.82,246.933334350586,1.75,1.57079637050629,0,16.6666660308838,2.15,2.13,4.28,1.82
8.83,247.100006103516,1.75,1.57079637050629,0,16.6666660308838,2.15,2.13,4.28,1.82
8.84,247.266662597656,1.75,1.57079637050629,0,16.6666660308838,2.15,2.13,4.28,1.82
8.85,247.433334350586,1.75,1.57079637050629,0,16.6666660308838,2.15,2.13,4.28,1.82
8.86,247.600006103516,1.75,1.57079637050629,0,16.6666660308838,2.15,2.13,4.28,1.82
8.87,247.766662597656,1.75,1.57079637050629,0,16.6666660308838,2.15,2.13,4.28,1.82
8.88,247.933334350586,1.75,1.57079637050629,0,16.6666660308838,2.15,2.13,4.28,1.82
8.89,248.100006103516,1.75,1.57079637050629,0,16.6666660308838,2.15,2.13,4.28,1.82
8.9,248.266662597656,1.75,1.57079637050629,0,16.6666660308838,2.15,2.13,4.28,1.82
8.91,248.433334350586,1.75,1.57079637050629,0,16.6666660308838,2.15,2.13,4.28,1.82
8.92,248.600006103516,1.75,1.57079637050629,4.44089209850063e-14,16.6666660308838,2.15,2.13,4.28,1.82
8.93,248.766662597656,1.75,1.57079637050629,0,16.6666660308838,2.15,2.13,4.28,1.82
8.94,248.933334350586,1.75,1.57079637050629,0,16.6666660308838,2.15,2.13,4.28,1.82
8.95,249.100006103516,1.75,1.57079637050629,0,16.6666660308838,2.15,2.13,4.28,1.82
8.96,249.266662597656,1.75,1.57079637050629,0,16.6666660308838,2.15,2.13,4.28,1.82
8.97,249.433334350586,1.75,1.57079637050629,0,16.6666660308838,2.15,2.13,4.28,1.82
8.98,249.600006103516,1.75,1.57079637050629,0,16.6666660308838,2.15,2.13,4.28,1.82
8.99,249.766662597656,1.75,1.57079637050629,0,16.6666660308838,2.15,2.13,4.28,1.82
9,249.933334350586,1.75,1.57079637050629,0,16.6666660308838,2.15,2.13,4.28,1.82
9.01,250.100006103516,1.75,1.57079637050629,0,16.6666660308838,2.15,2.13,4.28,1.82
9.02,250.266662597656,1.75,1.57079637050629,0,16.6666660308838,2.15,2.13,4.28,1.82
9.03,250.433334350586,1.75,1.57079637050629,0,16.6666660308838,2.15,2.13,4.28,1.82
9.04,250.600006103516,1.75,1.57079637050629,0,16.6666660308838,2.15,2.13,4.28,1.82
9.05,250.766662597656,1.75,1.57079637050629,0,16.6666660308838,2.15,2.13,4.28,1.82
9.06,250.933334350586,1.75,1.57079637050629,0,16.6666660308838,2.15,2.13,4.28,1.82
9.07,251.100006103516,1.75,1.57079637050629,0,16.6666660308838,2.15,2.13,4.28,1.82
9.08,251.266662597656,1.75,1.57079637050629,0,16.6666660308838,2.15,2.13,4.28,1.82
9.09,251.433334350586,1.75,1.57079637050629,0,16.6666660308838,2.15,2.13,4.28,1.82
9.1,251.600006103516,1.75,1.57079637050629,0,16.6666660308838,2.15,2.13,4.28,1.82
9.11,251.766662597656,1.75,1.57079637050629,0,16.6666660308838,2.15,2.13,4.28,1.82
9.12,251.933334350586,1.75,1.57079637050629,0,16.6666660308838,2.15,2.13,4.28,1.82
9.13,252.100006103516,1.75,1.57079637050629,-8.88178419700125e-14,16.6666660308838,2.15,2.13,4.28,1.82
9.14,252.266662597656,1.75,1.57079637050629,0,16.6666660308838,2.15,2.13,4.28,1.82
9.15,252.433334350586,1.75,1.57079637050629,0,16.6666660308838,2.15,2.13,4.28,1.82
9.16,252.600006103516,1.75,1.57079637050629,0,16.6666660308838,2.15,2.13,4.28,1.82
9.17,252.766662597656,1.75,1.57079637050629,0,16.6666660308838,2.15,2.13,4.28,1.82
9.18,252.933334350586,1.75,1.57079637050629,0,16.6666660308838,2.15,2.13,4.28,1.82
9.19,253.100006103516,1.75,1.57079637050629,0,16.6666660308838,2.15,2.13,4.28,1.82
9.2,253.266662597656,1.75,1.57079637050629,0,16.6666660308838,2.15,2.13,4.28,1.82
9.21,253.433334350586,1.75,1.57079637050629,0,16.6666660308838,2.15,2.13,4.28,1.82
9.22,253.600006103516,1.75,1.57079637050629,0,16.6666660308838,2.15,2.13,4.28,1.82
9.23,253.766662597656,1.75,1.57079637050629,0,16.6666660308838,2.15,2.13,4.28,1.82
9.24,253.933334350586,1.75,1.57079637050629,0,16.6666660308838,2.15,2.13,4.28,1.82
9.25,254.100006103516,1.75,1.57079637050629,0,16.6666660308838,2.15,2.13,4.28,1.82
9.26,254.266662597656,1.75,1.57079637050629,0,16.6666660308838,2.15,2.13,4.28,1.82
9.27,254.433334350586,1.75,1.57079637050629,0,16.6666660308838,2.15,2.13,4.28,1.82
9.28,254.600006103516,1.75,1.57079637050629,0,16.6666660308838,2.15,2.13,4.28,1.82
9.29,254.766662597656,1.75,1.57079637050629,0,16.6666660308838,2.15,2.13,4.28,1.82
9.3,254.933334350586,1.75,1.57079637050629,0,16.6666660308838,2.15,2.13,4.28,1.82
9.31,255.100006103516,1.75,1.57079637050629,0,16.6666660308838,2.15,2.13,4.28,1.82
9.32,255.266662597656,1.75,1.57079637050629,0,16.6666660308838,2.15,2.13,4.28,1.82
9.33,255.433334350586,1.75,1.57079637050629,0,16.6666660308838,2.15,2.13,4.28,1.82
9.34,255.600006103516,1.75,1.57079637050629,0,16.6666660308838,2.15,2.13,4.28,1.82
9.35,255.766662597656,1.75,1.57079637050629,0,16.6666660308838,2.15,2.13,4.28,1.82
9.36,255.933334350586,1.75,1.57079637050629,0,16.6666660308838,2.15,2.13,4.28,1.82
9.37,256.100006103516,1.75,1.57079637050629,0,16.6666660308838,2.15,2.13,4.28,1.82
9.38,256.266662597656,1.75,1.57079637050629,0,16.6666660308838,2.15,2.13,4.28,1.82
9.39,256.433319091797,1.75,1.57079637050629,0,16.6666660308838,2.15,2.13,4.28,1.82
9.4,256.600006103516,1.75,1.57079637050629,0,16.6666660308838,2.15,2.13,4.28,1.82
9.41,256.766662597656,1.75,1.57079637050629,0,16.6666660308838,2.15,2.13,4.28,1.82
9.42,256.933319091797,1.75,1.57079637050629,0,16.6666660308838,2.15,2.13,4.28,1.82
9.43,257.100006103516,1.75,1.57079637050629,0,16.6666660308838,2.15,2.13,4.28,1.82
9.44,257.266662597656,1.75,1.57079637050629,0,16.6666660308838,2.15,2.13,4.28,1.82
9.45,257.433319091797,1.75,1.57079637050629,0,16.6666660308838,2.15,2.13,4.28,1.82
9.46,257.600006103516,1.75,1.57079637050629,0,16.6666660308838,2.15,2.13,4.28,1.82
9.47,257.766662597656,1.75,1.57079637050629,0,16.6666660308838,2.15,2.13,4.28,1.82
9.48,257.933319091797,1.75,1.57079637050629,0,16.6666660308838,2.15,2.13,4.28,1.82
9.49,258.100006103516,1.75,1.57079637050629,0,16.6666660308838,2.15,2.13,4.28,1.82
9.5,258.266662597656,1.75,1.57079637050629,0,16.6666660308838,2.15,2.13,4.28,1.82
9.51,258.433319091797,1.75,1.57079637050629,0,16.6666660308838,2.15,2.13,4.28,1.82
9.52,258.600006103516,1.75,1.57079637050629,0,16.6666660308838,2.15,2.13,4.28,1.82
9.53,258.766662597656,1.75,1.57079637050629,0,16.6666660308838,2.15,2.13,4.28,1.82
9.54,258.933319091797,1.75,1.57079637050629,0,16.6666660308838,2.15,2.13,4.28,1.82
9.55,259.100006103516,1.75,1.57079637050629,0,16.6666660308838,2.15,2.13,4.28,1.82
9.56,259.266662597656,1.75,1.57079637050629,0,16.6666660308838,2.15,2.13,4.28,1.82
9.57,259.433319091797,1.75,1.57079637050629,4.44089209850063e-14,16.6666660308838,2.15,2.13,4.28,1.82
9.58,259.600006103516,1.75,1.57079637050629,0,16.6666660308838,2.15,2.13,4.28,1.82
9.59,259.766662597656,1.75,1.57079637050629,0,16.6666660308838,2.15,2.13,4.28,1.82
9.6,259.933319091797,1.75,1.57079637050629,0,16.6666660308838,2.15,2.13,4.28,1.82
9.61,260.100006103516,1.75,1.57079637050629,0,16.6666660308838,2.15,2.13,4.28,1.82
9.62,260.266662597656,1.75,1.57079637050629,0,16.6666660308838,2.15,2.13,4.28,1.82
9.63,260.433319091797,1.75,1.57079637050629,0,16.6666660308838,2.15,2.13,4.28,1.82
9.64,260.600006103516,1.75,1.57079637050629,0,16.6666660308838,2.15,2.13,4.28,1.82
9.65,260.766662597656,1.75,1.57079637050629,0,16.6666660308838,2.15,2.13,4.28,1.82
9.66,260.933319091797,1.75,1.57079637050629,0,16.6666660308838,2.15,2.13,4.28,1.82
9.67,261.100006103516,1.75,1.57079637050629,0,16.6666660308838,2.15,2.13,4.28,1.82
9.68,261.266662597656,1.75,1.57079637050629,0,16.6666660308838,2.15,2.13,4.28,1.82
9.69,261.433319091797,1.75,1.57079637050629,0,16.6666660308838,2.15,2.13,4.28,1.82
9.7,261.600006103516,1.75,1.57079637050629,0,16.6666660308838,2.15,2.13,4.28,1.82
9.71,261.766662597656,1.75,1.57079637050629,0,16.6666660308838,2.15,2.13,4.28,1.82
9.72,261.933319091797,1.75,1.57079637050629,0,16.6666660308838,2.15,2.13,4.28,1.82
9.73,262.100006103516,1.75,1.57079637050629,0,16.6666660308838,2.15,2.13,4.28,1.82
9.74,262.266662597656,1.75,1.57079637050629,0,16.6666660308838,2.15,2.13,4.28,1.82
9.75,262.433319091797,1.75,1.57079637050629,0,16.6666660308838,2.15,2.13,4.28,1.82
9.76,262.600006103516,1.75,1.57079637050629,0,16.6666660308838,2.15,2.13,4.28,1.82
9.77,262.766662597656,1.75,1.57079637050629,0,16.6666660308838,2.15,2.13,4.28,1.82
9.78,262.933319091797,1.75,1.57079637050629,0,16.6666660308838,2.15,2.13,4.28,1.82
9.79,263.100006103516,1.75,1.57079637050629,0,16.6666660308838,2.15,2.13,4.28,1.82
9.8,263.266662597656,1.75,1.57079637050629,0,16.6666660308838,2.15,2.13,4.28,1.82
9.81,263.433319091797,1.75,1.57079637050629,0,16.6666660308838,2.15,2.13,4.28,1.82
9.82,263.600006103516,1.75,1.57079637050629,0,16.6666660308838,2.15,2.13,4.28,1.82
9.83,263.766662597656,1.75,1.57079637050629,0,16.6666660308838,2.15,2.13,4.28,1.82
9.84,263.933319091797,1.75,1.57079637050629,0,16.6666660308838,2.15,2.13,4.28,1.82
9.85,264.100006103516,1.75,1.57079637050629,0,16.6666660308838,2.15,2.13,4.28,1.82
9.86,264.266662597656,1.75,1.57079637050629,0,16.6666660308838,2.15,2.13,4.28,1.82
9.87,264.433319091797,1.75,1.57079637050629,0,16.6666660308838,2.15,2.13,4.28,1.82
9.88,264.600006103516,1.75,1.57079637050629,0,16.6666660308838,2.15,2.13,4.28,1.82
9.89,264.766662597656,1.75,1.57079637050629,0,16.6666660308838,2.15,2.13,4.28,1.82
9.9,264.933319091797,1.75,1.57079637050629,0,16.6666660308838,2.15,2.13,4.28,1.82
9.91,265.100006103516,1.75,1.57079637050629,0,16.6666660308838,2.15,2.13,4.28,1.82
9.92,265.266662597656,1.75,1.57079637050629,0,16.6666660308838,2.15,2.13,4.28,1.82
9.93,265.433319091797,1.75,1.57079637050629,0,16.6666660308838,2.15,2.13,4.28,1.82
9.94,265.600006103516,1.75,1.57079637050629,0,16.6666660308838,2.15,2.13,4.28,1.82
9.95,265.766662597656,1.75,1.57079637050629,0,16.6666660308838,2.15,2.13,4.28,1.82
9.96,265.933319091797,1.75,1.57079637050629,0,16.6666660308838,2.15,2.13,4.28,1.82
9.97,266.100006103516,1.75,1.57079637050629,0,16.6666660308838,2.15,2.13,4.28,1.82
9.98,266.266662597656,1.75,1.57079637050629,0,16.6666660308838,2.15,2.13,4.28,1.82
9.99,266.433319091797,1.75,1.57079637050629,0,16.6666660308838,2.15,2.13,4.28,1.82
